,model,exp_type,name1,name2,swap_names,verb,action,true,pred,prompt,response
0,gpt3,object-control,Tom,Mary,True,told,to leave,Mary,Mary,"You will be given a context and a question. Answer the question with either ""Mary"" or ""Tom"".
Context: Tom told Mary to leave.

Q:  Who left, Mary or Tom?
A: ","('You will be given a context and a question. Answer the question with either ""Mary"" or ""Tom"".\nContext: Tom told Mary to leave.\n\nQ:  Who left, Mary or Tom?\nA: ', 'Mary')"
1,gpt3,object-control,Tom,Mary,False,told,to leave,Mary,Mary,"You will be given a context and a question. Answer the question with either ""Tom"" or ""Mary"".
Context: Tom told Mary to leave.

Q:  Who left, Tom or Mary?
A: ","('You will be given a context and a question. Answer the question with either ""Tom"" or ""Mary"".\nContext: Tom told Mary to leave.\n\nQ:  Who left, Tom or Mary?\nA: ', 'Mary')"
2,gpt3,object-control,Tom,Mary,True,told,to call home,Mary,Mary,"You will be given a context and a question. Answer the question with either ""Mary"" or ""Tom"".
Context: Tom told Mary to call home.

Q:  Who called home, Mary or Tom?
A: ","('You will be given a context and a question. Answer the question with either ""Mary"" or ""Tom"".\nContext: Tom told Mary to call home.\n\nQ:  Who called home, Mary or Tom?\nA: ', 'Mary')"
3,gpt3,object-control,Tom,Mary,False,told,to call home,Mary,Tom,"You will be given a context and a question. Answer the question with either ""Tom"" or ""Mary"".
Context: Tom told Mary to call home.

Q:  Who called home, Tom or Mary?
A: ","('You will be given a context and a question. Answer the question with either ""Tom"" or ""Mary"".\nContext: Tom told Mary to call home.\n\nQ:  Who called home, Tom or Mary?\nA: ', 'Tom')"
4,gpt3,object-control,Tom,Mary,True,told,to reply,Mary,Mary,"You will be given a context and a question. Answer the question with either ""Mary"" or ""Tom"".
Context: Tom told Mary to reply.

Q:  Who replied, Mary or Tom?
A: ","('You will be given a context and a question. Answer the question with either ""Mary"" or ""Tom"".\nContext: Tom told Mary to reply.\n\nQ:  Who replied, Mary or Tom?\nA: ', 'Mary')"
5,gpt3,object-control,Tom,Mary,False,told,to reply,Mary,other,"You will be given a context and a question. Answer the question with either ""Tom"" or ""Mary"".
Context: Tom told Mary to reply.

Q:  Who replied, Tom or Mary?
A: ","('You will be given a context and a question. Answer the question with either ""Tom"" or ""Mary"".\nContext: Tom told Mary to reply.\n\nQ:  Who replied, Tom or Mary?\nA: ', '\n')"
6,gpt3,object-control,Tom,Mary,True,told,to wipe the counter,Mary,other,"You will be given a context and a question. Answer the question with either ""Mary"" or ""Tom"".
Context: Tom told Mary to wipe the counter.

Q:  Who wiped the counter, Mary or Tom?
A: ","('You will be given a context and a question. Answer the question with either ""Mary"" or ""Tom"".\nContext: Tom told Mary to wipe the counter.\n\nQ:  Who wiped the counter, Mary or Tom?\nA: ', '_')"
7,gpt3,object-control,Tom,Mary,False,told,to wipe the counter,Mary,Tom,"You will be given a context and a question. Answer the question with either ""Tom"" or ""Mary"".
Context: Tom told Mary to wipe the counter.

Q:  Who wiped the counter, Tom or Mary?
A: ","('You will be given a context and a question. Answer the question with either ""Tom"" or ""Mary"".\nContext: Tom told Mary to wipe the counter.\n\nQ:  Who wiped the counter, Tom or Mary?\nA: ', 'Tom')"
8,gpt3,object-control,Tom,Mary,True,told,to dance,Mary,Mary,"You will be given a context and a question. Answer the question with either ""Mary"" or ""Tom"".
Context: Tom told Mary to dance.

Q:  Who danced, Mary or Tom?
A: ","('You will be given a context and a question. Answer the question with either ""Mary"" or ""Tom"".\nContext: Tom told Mary to dance.\n\nQ:  Who danced, Mary or Tom?\nA: ', 'Mary')"
9,gpt3,object-control,Tom,Mary,False,told,to dance,Mary,Tom,"You will be given a context and a question. Answer the question with either ""Tom"" or ""Mary"".
Context: Tom told Mary to dance.

Q:  Who danced, Tom or Mary?
A: ","('You will be given a context and a question. Answer the question with either ""Tom"" or ""Mary"".\nContext: Tom told Mary to dance.\n\nQ:  Who danced, Tom or Mary?\nA: ', 'Tom')"
10,gpt3,object-control,Tom,Mary,True,ordered,to leave,Mary,Mary,"You will be given a context and a question. Answer the question with either ""Mary"" or ""Tom"".
Context: Tom ordered Mary to leave.

Q:  Who left, Mary or Tom?
A: ","('You will be given a context and a question. Answer the question with either ""Mary"" or ""Tom"".\nContext: Tom ordered Mary to leave.\n\nQ:  Who left, Mary or Tom?\nA: ', 'Mary')"
11,gpt3,object-control,Tom,Mary,False,ordered,to leave,Mary,Tom,"You will be given a context and a question. Answer the question with either ""Tom"" or ""Mary"".
Context: Tom ordered Mary to leave.

Q:  Who left, Tom or Mary?
A: ","('You will be given a context and a question. Answer the question with either ""Tom"" or ""Mary"".\nContext: Tom ordered Mary to leave.\n\nQ:  Who left, Tom or Mary?\nA: ', 'Tom')"
12,gpt3,object-control,Tom,Mary,True,ordered,to call home,Mary,Mary,"You will be given a context and a question. Answer the question with either ""Mary"" or ""Tom"".
Context: Tom ordered Mary to call home.

Q:  Who called home, Mary or Tom?
A: ","('You will be given a context and a question. Answer the question with either ""Mary"" or ""Tom"".\nContext: Tom ordered Mary to call home.\n\nQ:  Who called home, Mary or Tom?\nA: ', 'Mary')"
13,gpt3,object-control,Tom,Mary,False,ordered,to call home,Mary,other,"You will be given a context and a question. Answer the question with either ""Tom"" or ""Mary"".
Context: Tom ordered Mary to call home.

Q:  Who called home, Tom or Mary?
A: ","('You will be given a context and a question. Answer the question with either ""Tom"" or ""Mary"".\nContext: Tom ordered Mary to call home.\n\nQ:  Who called home, Tom or Mary?\nA: ', '\n')"
14,gpt3,object-control,Tom,Mary,True,ordered,to reply,Mary,other,"You will be given a context and a question. Answer the question with either ""Mary"" or ""Tom"".
Context: Tom ordered Mary to reply.

Q:  Who replied, Mary or Tom?
A: ","('You will be given a context and a question. Answer the question with either ""Mary"" or ""Tom"".\nContext: Tom ordered Mary to reply.\n\nQ:  Who replied, Mary or Tom?\nA: ', '\n')"
15,gpt3,object-control,Tom,Mary,False,ordered,to reply,Mary,other,"You will be given a context and a question. Answer the question with either ""Tom"" or ""Mary"".
Context: Tom ordered Mary to reply.

Q:  Who replied, Tom or Mary?
A: ","('You will be given a context and a question. Answer the question with either ""Tom"" or ""Mary"".\nContext: Tom ordered Mary to reply.\n\nQ:  Who replied, Tom or Mary?\nA: ', '\n')"
16,gpt3,object-control,Tom,Mary,True,ordered,to wipe the counter,Mary,Mary,"You will be given a context and a question. Answer the question with either ""Mary"" or ""Tom"".
Context: Tom ordered Mary to wipe the counter.

Q:  Who wiped the counter, Mary or Tom?
A: ","('You will be given a context and a question. Answer the question with either ""Mary"" or ""Tom"".\nContext: Tom ordered Mary to wipe the counter.\n\nQ:  Who wiped the counter, Mary or Tom?\nA: ', 'Mary')"
17,gpt3,object-control,Tom,Mary,False,ordered,to wipe the counter,Mary,other,"You will be given a context and a question. Answer the question with either ""Tom"" or ""Mary"".
Context: Tom ordered Mary to wipe the counter.

Q:  Who wiped the counter, Tom or Mary?
A: ","('You will be given a context and a question. Answer the question with either ""Tom"" or ""Mary"".\nContext: Tom ordered Mary to wipe the counter.\n\nQ:  Who wiped the counter, Tom or Mary?\nA: ', '\n')"
18,gpt3,object-control,Tom,Mary,True,ordered,to dance,Mary,Mary,"You will be given a context and a question. Answer the question with either ""Mary"" or ""Tom"".
Context: Tom ordered Mary to dance.

Q:  Who danced, Mary or Tom?
A: ","('You will be given a context and a question. Answer the question with either ""Mary"" or ""Tom"".\nContext: Tom ordered Mary to dance.\n\nQ:  Who danced, Mary or Tom?\nA: ', 'Mary')"
19,gpt3,object-control,Tom,Mary,False,ordered,to dance,Mary,other,"You will be given a context and a question. Answer the question with either ""Tom"" or ""Mary"".
Context: Tom ordered Mary to dance.

Q:  Who danced, Tom or Mary?
A: ","('You will be given a context and a question. Answer the question with either ""Tom"" or ""Mary"".\nContext: Tom ordered Mary to dance.\n\nQ:  Who danced, Tom or Mary?\nA: ', '\n')"
20,gpt3,object-control,Tom,Mary,True,called upon,to leave,Mary,Mary,"You will be given a context and a question. Answer the question with either ""Mary"" or ""Tom"".
Context: Tom called upon Mary to leave.

Q:  Who left, Mary or Tom?
A: ","('You will be given a context and a question. Answer the question with either ""Mary"" or ""Tom"".\nContext: Tom called upon Mary to leave.\n\nQ:  Who left, Mary or Tom?\nA: ', 'Mary')"
21,gpt3,object-control,Tom,Mary,False,called upon,to leave,Mary,Tom,"You will be given a context and a question. Answer the question with either ""Tom"" or ""Mary"".
Context: Tom called upon Mary to leave.

Q:  Who left, Tom or Mary?
A: ","('You will be given a context and a question. Answer the question with either ""Tom"" or ""Mary"".\nContext: Tom called upon Mary to leave.\n\nQ:  Who left, Tom or Mary?\nA: ', 'Tom')"
22,gpt3,object-control,Tom,Mary,True,called upon,to call home,Mary,Mary,"You will be given a context and a question. Answer the question with either ""Mary"" or ""Tom"".
Context: Tom called upon Mary to call home.

Q:  Who called home, Mary or Tom?
A: ","('You will be given a context and a question. Answer the question with either ""Mary"" or ""Tom"".\nContext: Tom called upon Mary to call home.\n\nQ:  Who called home, Mary or Tom?\nA: ', 'Mary')"
23,gpt3,object-control,Tom,Mary,False,called upon,to call home,Mary,Tom,"You will be given a context and a question. Answer the question with either ""Tom"" or ""Mary"".
Context: Tom called upon Mary to call home.

Q:  Who called home, Tom or Mary?
A: ","('You will be given a context and a question. Answer the question with either ""Tom"" or ""Mary"".\nContext: Tom called upon Mary to call home.\n\nQ:  Who called home, Tom or Mary?\nA: ', 'Tom')"
24,gpt3,object-control,Tom,Mary,True,called upon,to reply,Mary,other,"You will be given a context and a question. Answer the question with either ""Mary"" or ""Tom"".
Context: Tom called upon Mary to reply.

Q:  Who replied, Mary or Tom?
A: ","('You will be given a context and a question. Answer the question with either ""Mary"" or ""Tom"".\nContext: Tom called upon Mary to reply.\n\nQ:  Who replied, Mary or Tom?\nA: ', '\n')"
25,gpt3,object-control,Tom,Mary,False,called upon,to reply,Mary,other,"You will be given a context and a question. Answer the question with either ""Tom"" or ""Mary"".
Context: Tom called upon Mary to reply.

Q:  Who replied, Tom or Mary?
A: ","('You will be given a context and a question. Answer the question with either ""Tom"" or ""Mary"".\nContext: Tom called upon Mary to reply.\n\nQ:  Who replied, Tom or Mary?\nA: ', '\n')"
26,gpt3,object-control,Tom,Mary,True,called upon,to wipe the counter,Mary,Mary,"You will be given a context and a question. Answer the question with either ""Mary"" or ""Tom"".
Context: Tom called upon Mary to wipe the counter.

Q:  Who wiped the counter, Mary or Tom?
A: ","('You will be given a context and a question. Answer the question with either ""Mary"" or ""Tom"".\nContext: Tom called upon Mary to wipe the counter.\n\nQ:  Who wiped the counter, Mary or Tom?\nA: ', 'Mary')"
27,gpt3,object-control,Tom,Mary,False,called upon,to wipe the counter,Mary,Tom,"You will be given a context and a question. Answer the question with either ""Tom"" or ""Mary"".
Context: Tom called upon Mary to wipe the counter.

Q:  Who wiped the counter, Tom or Mary?
A: ","('You will be given a context and a question. Answer the question with either ""Tom"" or ""Mary"".\nContext: Tom called upon Mary to wipe the counter.\n\nQ:  Who wiped the counter, Tom or Mary?\nA: ', 'Tom')"
28,gpt3,object-control,Tom,Mary,True,called upon,to dance,Mary,other,"You will be given a context and a question. Answer the question with either ""Mary"" or ""Tom"".
Context: Tom called upon Mary to dance.

Q:  Who danced, Mary or Tom?
A: ","('You will be given a context and a question. Answer the question with either ""Mary"" or ""Tom"".\nContext: Tom called upon Mary to dance.\n\nQ:  Who danced, Mary or Tom?\nA: ', '\n')"
29,gpt3,object-control,Tom,Mary,False,called upon,to dance,Mary,other,"You will be given a context and a question. Answer the question with either ""Tom"" or ""Mary"".
Context: Tom called upon Mary to dance.

Q:  Who danced, Tom or Mary?
A: ","('You will be given a context and a question. Answer the question with either ""Tom"" or ""Mary"".\nContext: Tom called upon Mary to dance.\n\nQ:  Who danced, Tom or Mary?\nA: ', '\n')"
30,gpt3,object-control,Tom,Mary,True,reminded,to leave,Mary,Mary,"You will be given a context and a question. Answer the question with either ""Mary"" or ""Tom"".
Context: Tom reminded Mary to leave.

Q:  Who left, Mary or Tom?
A: ","('You will be given a context and a question. Answer the question with either ""Mary"" or ""Tom"".\nContext: Tom reminded Mary to leave.\n\nQ:  Who left, Mary or Tom?\nA: ', 'Mary')"
31,gpt3,object-control,Tom,Mary,False,reminded,to leave,Mary,Mary,"You will be given a context and a question. Answer the question with either ""Tom"" or ""Mary"".
Context: Tom reminded Mary to leave.

Q:  Who left, Tom or Mary?
A: ","('You will be given a context and a question. Answer the question with either ""Tom"" or ""Mary"".\nContext: Tom reminded Mary to leave.\n\nQ:  Who left, Tom or Mary?\nA: ', 'Mary')"
32,gpt3,object-control,Tom,Mary,True,reminded,to call home,Mary,Mary,"You will be given a context and a question. Answer the question with either ""Mary"" or ""Tom"".
Context: Tom reminded Mary to call home.

Q:  Who called home, Mary or Tom?
A: ","('You will be given a context and a question. Answer the question with either ""Mary"" or ""Tom"".\nContext: Tom reminded Mary to call home.\n\nQ:  Who called home, Mary or Tom?\nA: ', 'Mary')"
33,gpt3,object-control,Tom,Mary,False,reminded,to call home,Mary,Tom,"You will be given a context and a question. Answer the question with either ""Tom"" or ""Mary"".
Context: Tom reminded Mary to call home.

Q:  Who called home, Tom or Mary?
A: ","('You will be given a context and a question. Answer the question with either ""Tom"" or ""Mary"".\nContext: Tom reminded Mary to call home.\n\nQ:  Who called home, Tom or Mary?\nA: ', 'Tom')"
34,gpt3,object-control,Tom,Mary,True,reminded,to reply,Mary,Mary,"You will be given a context and a question. Answer the question with either ""Mary"" or ""Tom"".
Context: Tom reminded Mary to reply.

Q:  Who replied, Mary or Tom?
A: ","('You will be given a context and a question. Answer the question with either ""Mary"" or ""Tom"".\nContext: Tom reminded Mary to reply.\n\nQ:  Who replied, Mary or Tom?\nA: ', 'Mary')"
35,gpt3,object-control,Tom,Mary,False,reminded,to reply,Mary,other,"You will be given a context and a question. Answer the question with either ""Tom"" or ""Mary"".
Context: Tom reminded Mary to reply.

Q:  Who replied, Tom or Mary?
A: ","('You will be given a context and a question. Answer the question with either ""Tom"" or ""Mary"".\nContext: Tom reminded Mary to reply.\n\nQ:  Who replied, Tom or Mary?\nA: ', '\n')"
36,gpt3,object-control,Tom,Mary,True,reminded,to wipe the counter,Mary,Mary,"You will be given a context and a question. Answer the question with either ""Mary"" or ""Tom"".
Context: Tom reminded Mary to wipe the counter.

Q:  Who wiped the counter, Mary or Tom?
A: ","('You will be given a context and a question. Answer the question with either ""Mary"" or ""Tom"".\nContext: Tom reminded Mary to wipe the counter.\n\nQ:  Who wiped the counter, Mary or Tom?\nA: ', 'Mary')"
37,gpt3,object-control,Tom,Mary,False,reminded,to wipe the counter,Mary,Tom,"You will be given a context and a question. Answer the question with either ""Tom"" or ""Mary"".
Context: Tom reminded Mary to wipe the counter.

Q:  Who wiped the counter, Tom or Mary?
A: ","('You will be given a context and a question. Answer the question with either ""Tom"" or ""Mary"".\nContext: Tom reminded Mary to wipe the counter.\n\nQ:  Who wiped the counter, Tom or Mary?\nA: ', 'Tom')"
38,gpt3,object-control,Tom,Mary,True,reminded,to dance,Mary,Mary,"You will be given a context and a question. Answer the question with either ""Mary"" or ""Tom"".
Context: Tom reminded Mary to dance.

Q:  Who danced, Mary or Tom?
A: ","('You will be given a context and a question. Answer the question with either ""Mary"" or ""Tom"".\nContext: Tom reminded Mary to dance.\n\nQ:  Who danced, Mary or Tom?\nA: ', 'Mary')"
39,gpt3,object-control,Tom,Mary,False,reminded,to dance,Mary,Tom,"You will be given a context and a question. Answer the question with either ""Tom"" or ""Mary"".
Context: Tom reminded Mary to dance.

Q:  Who danced, Tom or Mary?
A: ","('You will be given a context and a question. Answer the question with either ""Tom"" or ""Mary"".\nContext: Tom reminded Mary to dance.\n\nQ:  Who danced, Tom or Mary?\nA: ', 'Tom')"
40,gpt3,object-control,Tom,Mary,True,urged,to leave,Mary,Mary,"You will be given a context and a question. Answer the question with either ""Mary"" or ""Tom"".
Context: Tom urged Mary to leave.

Q:  Who left, Mary or Tom?
A: ","('You will be given a context and a question. Answer the question with either ""Mary"" or ""Tom"".\nContext: Tom urged Mary to leave.\n\nQ:  Who left, Mary or Tom?\nA: ', 'Mary')"
41,gpt3,object-control,Tom,Mary,False,urged,to leave,Mary,Mary,"You will be given a context and a question. Answer the question with either ""Tom"" or ""Mary"".
Context: Tom urged Mary to leave.

Q:  Who left, Tom or Mary?
A: ","('You will be given a context and a question. Answer the question with either ""Tom"" or ""Mary"".\nContext: Tom urged Mary to leave.\n\nQ:  Who left, Tom or Mary?\nA: ', 'Mary')"
42,gpt3,object-control,Tom,Mary,True,urged,to call home,Mary,Mary,"You will be given a context and a question. Answer the question with either ""Mary"" or ""Tom"".
Context: Tom urged Mary to call home.

Q:  Who called home, Mary or Tom?
A: ","('You will be given a context and a question. Answer the question with either ""Mary"" or ""Tom"".\nContext: Tom urged Mary to call home.\n\nQ:  Who called home, Mary or Tom?\nA: ', 'Mary')"
43,gpt3,object-control,Tom,Mary,False,urged,to call home,Mary,Tom,"You will be given a context and a question. Answer the question with either ""Tom"" or ""Mary"".
Context: Tom urged Mary to call home.

Q:  Who called home, Tom or Mary?
A: ","('You will be given a context and a question. Answer the question with either ""Tom"" or ""Mary"".\nContext: Tom urged Mary to call home.\n\nQ:  Who called home, Tom or Mary?\nA: ', 'Tom')"
44,gpt3,object-control,Tom,Mary,True,urged,to reply,Mary,other,"You will be given a context and a question. Answer the question with either ""Mary"" or ""Tom"".
Context: Tom urged Mary to reply.

Q:  Who replied, Mary or Tom?
A: ","('You will be given a context and a question. Answer the question with either ""Mary"" or ""Tom"".\nContext: Tom urged Mary to reply.\n\nQ:  Who replied, Mary or Tom?\nA: ', '\n')"
45,gpt3,object-control,Tom,Mary,False,urged,to reply,Mary,other,"You will be given a context and a question. Answer the question with either ""Tom"" or ""Mary"".
Context: Tom urged Mary to reply.

Q:  Who replied, Tom or Mary?
A: ","('You will be given a context and a question. Answer the question with either ""Tom"" or ""Mary"".\nContext: Tom urged Mary to reply.\n\nQ:  Who replied, Tom or Mary?\nA: ', '\n')"
46,gpt3,object-control,Tom,Mary,True,urged,to wipe the counter,Mary,Mary,"You will be given a context and a question. Answer the question with either ""Mary"" or ""Tom"".
Context: Tom urged Mary to wipe the counter.

Q:  Who wiped the counter, Mary or Tom?
A: ","('You will be given a context and a question. Answer the question with either ""Mary"" or ""Tom"".\nContext: Tom urged Mary to wipe the counter.\n\nQ:  Who wiped the counter, Mary or Tom?\nA: ', 'Mary')"
47,gpt3,object-control,Tom,Mary,False,urged,to wipe the counter,Mary,Tom,"You will be given a context and a question. Answer the question with either ""Tom"" or ""Mary"".
Context: Tom urged Mary to wipe the counter.

Q:  Who wiped the counter, Tom or Mary?
A: ","('You will be given a context and a question. Answer the question with either ""Tom"" or ""Mary"".\nContext: Tom urged Mary to wipe the counter.\n\nQ:  Who wiped the counter, Tom or Mary?\nA: ', 'Tom')"
48,gpt3,object-control,Tom,Mary,True,urged,to dance,Mary,Mary,"You will be given a context and a question. Answer the question with either ""Mary"" or ""Tom"".
Context: Tom urged Mary to dance.

Q:  Who danced, Mary or Tom?
A: ","('You will be given a context and a question. Answer the question with either ""Mary"" or ""Tom"".\nContext: Tom urged Mary to dance.\n\nQ:  Who danced, Mary or Tom?\nA: ', 'Mary')"
49,gpt3,object-control,Tom,Mary,False,urged,to dance,Mary,Tom,"You will be given a context and a question. Answer the question with either ""Tom"" or ""Mary"".
Context: Tom urged Mary to dance.

Q:  Who danced, Tom or Mary?
A: ","('You will be given a context and a question. Answer the question with either ""Tom"" or ""Mary"".\nContext: Tom urged Mary to dance.\n\nQ:  Who danced, Tom or Mary?\nA: ', 'Tom')"
50,gpt3,object-control,Tom,Mary,True,asked,to leave,Mary,Mary,"You will be given a context and a question. Answer the question with either ""Mary"" or ""Tom"".
Context: Tom asked Mary to leave.

Q:  Who left, Mary or Tom?
A: ","('You will be given a context and a question. Answer the question with either ""Mary"" or ""Tom"".\nContext: Tom asked Mary to leave.\n\nQ:  Who left, Mary or Tom?\nA: ', 'Mary')"
51,gpt3,object-control,Tom,Mary,False,asked,to leave,Mary,Tom,"You will be given a context and a question. Answer the question with either ""Tom"" or ""Mary"".
Context: Tom asked Mary to leave.

Q:  Who left, Tom or Mary?
A: ","('You will be given a context and a question. Answer the question with either ""Tom"" or ""Mary"".\nContext: Tom asked Mary to leave.\n\nQ:  Who left, Tom or Mary?\nA: ', 'Tom')"
52,gpt3,object-control,Tom,Mary,True,asked,to call home,Mary,Mary,"You will be given a context and a question. Answer the question with either ""Mary"" or ""Tom"".
Context: Tom asked Mary to call home.

Q:  Who called home, Mary or Tom?
A: ","('You will be given a context and a question. Answer the question with either ""Mary"" or ""Tom"".\nContext: Tom asked Mary to call home.\n\nQ:  Who called home, Mary or Tom?\nA: ', 'Mary')"
53,gpt3,object-control,Tom,Mary,False,asked,to call home,Mary,Tom,"You will be given a context and a question. Answer the question with either ""Tom"" or ""Mary"".
Context: Tom asked Mary to call home.

Q:  Who called home, Tom or Mary?
A: ","('You will be given a context and a question. Answer the question with either ""Tom"" or ""Mary"".\nContext: Tom asked Mary to call home.\n\nQ:  Who called home, Tom or Mary?\nA: ', 'Tom')"
54,gpt3,object-control,Tom,Mary,True,asked,to reply,Mary,other,"You will be given a context and a question. Answer the question with either ""Mary"" or ""Tom"".
Context: Tom asked Mary to reply.

Q:  Who replied, Mary or Tom?
A: ","('You will be given a context and a question. Answer the question with either ""Mary"" or ""Tom"".\nContext: Tom asked Mary to reply.\n\nQ:  Who replied, Mary or Tom?\nA: ', '\n')"
55,gpt3,object-control,Tom,Mary,False,asked,to reply,Mary,other,"You will be given a context and a question. Answer the question with either ""Tom"" or ""Mary"".
Context: Tom asked Mary to reply.

Q:  Who replied, Tom or Mary?
A: ","('You will be given a context and a question. Answer the question with either ""Tom"" or ""Mary"".\nContext: Tom asked Mary to reply.\n\nQ:  Who replied, Tom or Mary?\nA: ', '\n')"
56,gpt3,object-control,Tom,Mary,True,asked,to wipe the counter,Mary,other,"You will be given a context and a question. Answer the question with either ""Mary"" or ""Tom"".
Context: Tom asked Mary to wipe the counter.

Q:  Who wiped the counter, Mary or Tom?
A: ","('You will be given a context and a question. Answer the question with either ""Mary"" or ""Tom"".\nContext: Tom asked Mary to wipe the counter.\n\nQ:  Who wiped the counter, Mary or Tom?\nA: ', '_')"
57,gpt3,object-control,Tom,Mary,False,asked,to wipe the counter,Mary,Tom,"You will be given a context and a question. Answer the question with either ""Tom"" or ""Mary"".
Context: Tom asked Mary to wipe the counter.

Q:  Who wiped the counter, Tom or Mary?
A: ","('You will be given a context and a question. Answer the question with either ""Tom"" or ""Mary"".\nContext: Tom asked Mary to wipe the counter.\n\nQ:  Who wiped the counter, Tom or Mary?\nA: ', 'Tom')"
58,gpt3,object-control,Tom,Mary,True,asked,to dance,Mary,Mary,"You will be given a context and a question. Answer the question with either ""Mary"" or ""Tom"".
Context: Tom asked Mary to dance.

Q:  Who danced, Mary or Tom?
A: ","('You will be given a context and a question. Answer the question with either ""Mary"" or ""Tom"".\nContext: Tom asked Mary to dance.\n\nQ:  Who danced, Mary or Tom?\nA: ', 'Mary')"
59,gpt3,object-control,Tom,Mary,False,asked,to dance,Mary,Tom,"You will be given a context and a question. Answer the question with either ""Tom"" or ""Mary"".
Context: Tom asked Mary to dance.

Q:  Who danced, Tom or Mary?
A: ","('You will be given a context and a question. Answer the question with either ""Tom"" or ""Mary"".\nContext: Tom asked Mary to dance.\n\nQ:  Who danced, Tom or Mary?\nA: ', 'Tom')"
60,gpt3,object-control,Tom,Mary,True,persuaded,to leave,Mary,Mary,"You will be given a context and a question. Answer the question with either ""Mary"" or ""Tom"".
Context: Tom persuaded Mary to leave.

Q:  Who left, Mary or Tom?
A: ","('You will be given a context and a question. Answer the question with either ""Mary"" or ""Tom"".\nContext: Tom persuaded Mary to leave.\n\nQ:  Who left, Mary or Tom?\nA: ', 'Mary')"
61,gpt3,object-control,Tom,Mary,False,persuaded,to leave,Mary,Tom,"You will be given a context and a question. Answer the question with either ""Tom"" or ""Mary"".
Context: Tom persuaded Mary to leave.

Q:  Who left, Tom or Mary?
A: ","('You will be given a context and a question. Answer the question with either ""Tom"" or ""Mary"".\nContext: Tom persuaded Mary to leave.\n\nQ:  Who left, Tom or Mary?\nA: ', 'Tom')"
62,gpt3,object-control,Tom,Mary,True,persuaded,to call home,Mary,Mary,"You will be given a context and a question. Answer the question with either ""Mary"" or ""Tom"".
Context: Tom persuaded Mary to call home.

Q:  Who called home, Mary or Tom?
A: ","('You will be given a context and a question. Answer the question with either ""Mary"" or ""Tom"".\nContext: Tom persuaded Mary to call home.\n\nQ:  Who called home, Mary or Tom?\nA: ', 'Mary')"
63,gpt3,object-control,Tom,Mary,False,persuaded,to call home,Mary,Tom,"You will be given a context and a question. Answer the question with either ""Tom"" or ""Mary"".
Context: Tom persuaded Mary to call home.

Q:  Who called home, Tom or Mary?
A: ","('You will be given a context and a question. Answer the question with either ""Tom"" or ""Mary"".\nContext: Tom persuaded Mary to call home.\n\nQ:  Who called home, Tom or Mary?\nA: ', 'Tom')"
64,gpt3,object-control,Tom,Mary,True,persuaded,to reply,Mary,other,"You will be given a context and a question. Answer the question with either ""Mary"" or ""Tom"".
Context: Tom persuaded Mary to reply.

Q:  Who replied, Mary or Tom?
A: ","('You will be given a context and a question. Answer the question with either ""Mary"" or ""Tom"".\nContext: Tom persuaded Mary to reply.\n\nQ:  Who replied, Mary or Tom?\nA: ', '\n')"
65,gpt3,object-control,Tom,Mary,False,persuaded,to reply,Mary,other,"You will be given a context and a question. Answer the question with either ""Tom"" or ""Mary"".
Context: Tom persuaded Mary to reply.

Q:  Who replied, Tom or Mary?
A: ","('You will be given a context and a question. Answer the question with either ""Tom"" or ""Mary"".\nContext: Tom persuaded Mary to reply.\n\nQ:  Who replied, Tom or Mary?\nA: ', '\n')"
66,gpt3,object-control,Tom,Mary,True,persuaded,to wipe the counter,Mary,Mary,"You will be given a context and a question. Answer the question with either ""Mary"" or ""Tom"".
Context: Tom persuaded Mary to wipe the counter.

Q:  Who wiped the counter, Mary or Tom?
A: ","('You will be given a context and a question. Answer the question with either ""Mary"" or ""Tom"".\nContext: Tom persuaded Mary to wipe the counter.\n\nQ:  Who wiped the counter, Mary or Tom?\nA: ', 'Mary')"
67,gpt3,object-control,Tom,Mary,False,persuaded,to wipe the counter,Mary,other,"You will be given a context and a question. Answer the question with either ""Tom"" or ""Mary"".
Context: Tom persuaded Mary to wipe the counter.

Q:  Who wiped the counter, Tom or Mary?
A: ","('You will be given a context and a question. Answer the question with either ""Tom"" or ""Mary"".\nContext: Tom persuaded Mary to wipe the counter.\n\nQ:  Who wiped the counter, Tom or Mary?\nA: ', '\n')"
68,gpt3,object-control,Tom,Mary,True,persuaded,to dance,Mary,Mary,"You will be given a context and a question. Answer the question with either ""Mary"" or ""Tom"".
Context: Tom persuaded Mary to dance.

Q:  Who danced, Mary or Tom?
A: ","('You will be given a context and a question. Answer the question with either ""Mary"" or ""Tom"".\nContext: Tom persuaded Mary to dance.\n\nQ:  Who danced, Mary or Tom?\nA: ', 'Mary')"
69,gpt3,object-control,Tom,Mary,False,persuaded,to dance,Mary,Tom,"You will be given a context and a question. Answer the question with either ""Tom"" or ""Mary"".
Context: Tom persuaded Mary to dance.

Q:  Who danced, Tom or Mary?
A: ","('You will be given a context and a question. Answer the question with either ""Tom"" or ""Mary"".\nContext: Tom persuaded Mary to dance.\n\nQ:  Who danced, Tom or Mary?\nA: ', 'Tom')"
70,gpt3,object-control,Tom,Mary,True,convinced,to leave,Mary,Mary,"You will be given a context and a question. Answer the question with either ""Mary"" or ""Tom"".
Context: Tom convinced Mary to leave.

Q:  Who left, Mary or Tom?
A: ","('You will be given a context and a question. Answer the question with either ""Mary"" or ""Tom"".\nContext: Tom convinced Mary to leave.\n\nQ:  Who left, Mary or Tom?\nA: ', 'Mary')"
71,gpt3,object-control,Tom,Mary,False,convinced,to leave,Mary,Tom,"You will be given a context and a question. Answer the question with either ""Tom"" or ""Mary"".
Context: Tom convinced Mary to leave.

Q:  Who left, Tom or Mary?
A: ","('You will be given a context and a question. Answer the question with either ""Tom"" or ""Mary"".\nContext: Tom convinced Mary to leave.\n\nQ:  Who left, Tom or Mary?\nA: ', 'Tom')"
72,gpt3,object-control,Tom,Mary,True,convinced,to call home,Mary,Mary,"You will be given a context and a question. Answer the question with either ""Mary"" or ""Tom"".
Context: Tom convinced Mary to call home.

Q:  Who called home, Mary or Tom?
A: ","('You will be given a context and a question. Answer the question with either ""Mary"" or ""Tom"".\nContext: Tom convinced Mary to call home.\n\nQ:  Who called home, Mary or Tom?\nA: ', 'Mary')"
73,gpt3,object-control,Tom,Mary,False,convinced,to call home,Mary,Tom,"You will be given a context and a question. Answer the question with either ""Tom"" or ""Mary"".
Context: Tom convinced Mary to call home.

Q:  Who called home, Tom or Mary?
A: ","('You will be given a context and a question. Answer the question with either ""Tom"" or ""Mary"".\nContext: Tom convinced Mary to call home.\n\nQ:  Who called home, Tom or Mary?\nA: ', 'Tom')"
74,gpt3,object-control,Tom,Mary,True,convinced,to reply,Mary,Mary,"You will be given a context and a question. Answer the question with either ""Mary"" or ""Tom"".
Context: Tom convinced Mary to reply.

Q:  Who replied, Mary or Tom?
A: ","('You will be given a context and a question. Answer the question with either ""Mary"" or ""Tom"".\nContext: Tom convinced Mary to reply.\n\nQ:  Who replied, Mary or Tom?\nA: ', 'Mary')"
75,gpt3,object-control,Tom,Mary,False,convinced,to reply,Mary,Tom,"You will be given a context and a question. Answer the question with either ""Tom"" or ""Mary"".
Context: Tom convinced Mary to reply.

Q:  Who replied, Tom or Mary?
A: ","('You will be given a context and a question. Answer the question with either ""Tom"" or ""Mary"".\nContext: Tom convinced Mary to reply.\n\nQ:  Who replied, Tom or Mary?\nA: ', 'Tom')"
76,gpt3,object-control,Tom,Mary,True,convinced,to wipe the counter,Mary,Mary,"You will be given a context and a question. Answer the question with either ""Mary"" or ""Tom"".
Context: Tom convinced Mary to wipe the counter.

Q:  Who wiped the counter, Mary or Tom?
A: ","('You will be given a context and a question. Answer the question with either ""Mary"" or ""Tom"".\nContext: Tom convinced Mary to wipe the counter.\n\nQ:  Who wiped the counter, Mary or Tom?\nA: ', 'Mary')"
77,gpt3,object-control,Tom,Mary,False,convinced,to wipe the counter,Mary,Tom,"You will be given a context and a question. Answer the question with either ""Tom"" or ""Mary"".
Context: Tom convinced Mary to wipe the counter.

Q:  Who wiped the counter, Tom or Mary?
A: ","('You will be given a context and a question. Answer the question with either ""Tom"" or ""Mary"".\nContext: Tom convinced Mary to wipe the counter.\n\nQ:  Who wiped the counter, Tom or Mary?\nA: ', 'Tom')"
78,gpt3,object-control,Tom,Mary,True,convinced,to dance,Mary,Mary,"You will be given a context and a question. Answer the question with either ""Mary"" or ""Tom"".
Context: Tom convinced Mary to dance.

Q:  Who danced, Mary or Tom?
A: ","('You will be given a context and a question. Answer the question with either ""Mary"" or ""Tom"".\nContext: Tom convinced Mary to dance.\n\nQ:  Who danced, Mary or Tom?\nA: ', 'Mary')"
79,gpt3,object-control,Tom,Mary,False,convinced,to dance,Mary,Tom,"You will be given a context and a question. Answer the question with either ""Tom"" or ""Mary"".
Context: Tom convinced Mary to dance.

Q:  Who danced, Tom or Mary?
A: ","('You will be given a context and a question. Answer the question with either ""Tom"" or ""Mary"".\nContext: Tom convinced Mary to dance.\n\nQ:  Who danced, Tom or Mary?\nA: ', 'Tom')"
80,gpt3,object-control,Tom,Mary,True,forced,to leave,Mary,Mary,"You will be given a context and a question. Answer the question with either ""Mary"" or ""Tom"".
Context: Tom forced Mary to leave.

Q:  Who left, Mary or Tom?
A: ","('You will be given a context and a question. Answer the question with either ""Mary"" or ""Tom"".\nContext: Tom forced Mary to leave.\n\nQ:  Who left, Mary or Tom?\nA: ', 'Mary')"
81,gpt3,object-control,Tom,Mary,False,forced,to leave,Mary,Tom,"You will be given a context and a question. Answer the question with either ""Tom"" or ""Mary"".
Context: Tom forced Mary to leave.

Q:  Who left, Tom or Mary?
A: ","('You will be given a context and a question. Answer the question with either ""Tom"" or ""Mary"".\nContext: Tom forced Mary to leave.\n\nQ:  Who left, Tom or Mary?\nA: ', 'Tom')"
82,gpt3,object-control,Tom,Mary,True,forced,to call home,Mary,Mary,"You will be given a context and a question. Answer the question with either ""Mary"" or ""Tom"".
Context: Tom forced Mary to call home.

Q:  Who called home, Mary or Tom?
A: ","('You will be given a context and a question. Answer the question with either ""Mary"" or ""Tom"".\nContext: Tom forced Mary to call home.\n\nQ:  Who called home, Mary or Tom?\nA: ', 'Mary')"
83,gpt3,object-control,Tom,Mary,False,forced,to call home,Mary,Tom,"You will be given a context and a question. Answer the question with either ""Tom"" or ""Mary"".
Context: Tom forced Mary to call home.

Q:  Who called home, Tom or Mary?
A: ","('You will be given a context and a question. Answer the question with either ""Tom"" or ""Mary"".\nContext: Tom forced Mary to call home.\n\nQ:  Who called home, Tom or Mary?\nA: ', 'Tom')"
84,gpt3,object-control,Tom,Mary,True,forced,to reply,Mary,other,"You will be given a context and a question. Answer the question with either ""Mary"" or ""Tom"".
Context: Tom forced Mary to reply.

Q:  Who replied, Mary or Tom?
A: ","('You will be given a context and a question. Answer the question with either ""Mary"" or ""Tom"".\nContext: Tom forced Mary to reply.\n\nQ:  Who replied, Mary or Tom?\nA: ', '\n')"
85,gpt3,object-control,Tom,Mary,False,forced,to reply,Mary,other,"You will be given a context and a question. Answer the question with either ""Tom"" or ""Mary"".
Context: Tom forced Mary to reply.

Q:  Who replied, Tom or Mary?
A: ","('You will be given a context and a question. Answer the question with either ""Tom"" or ""Mary"".\nContext: Tom forced Mary to reply.\n\nQ:  Who replied, Tom or Mary?\nA: ', '\n')"
86,gpt3,object-control,Tom,Mary,True,forced,to wipe the counter,Mary,Mary,"You will be given a context and a question. Answer the question with either ""Mary"" or ""Tom"".
Context: Tom forced Mary to wipe the counter.

Q:  Who wiped the counter, Mary or Tom?
A: ","('You will be given a context and a question. Answer the question with either ""Mary"" or ""Tom"".\nContext: Tom forced Mary to wipe the counter.\n\nQ:  Who wiped the counter, Mary or Tom?\nA: ', 'Mary')"
87,gpt3,object-control,Tom,Mary,False,forced,to wipe the counter,Mary,Tom,"You will be given a context and a question. Answer the question with either ""Tom"" or ""Mary"".
Context: Tom forced Mary to wipe the counter.

Q:  Who wiped the counter, Tom or Mary?
A: ","('You will be given a context and a question. Answer the question with either ""Tom"" or ""Mary"".\nContext: Tom forced Mary to wipe the counter.\n\nQ:  Who wiped the counter, Tom or Mary?\nA: ', 'Tom')"
88,gpt3,object-control,Tom,Mary,True,forced,to dance,Mary,Mary,"You will be given a context and a question. Answer the question with either ""Mary"" or ""Tom"".
Context: Tom forced Mary to dance.

Q:  Who danced, Mary or Tom?
A: ","('You will be given a context and a question. Answer the question with either ""Mary"" or ""Tom"".\nContext: Tom forced Mary to dance.\n\nQ:  Who danced, Mary or Tom?\nA: ', 'Mary')"
89,gpt3,object-control,Tom,Mary,False,forced,to dance,Mary,Tom,"You will be given a context and a question. Answer the question with either ""Tom"" or ""Mary"".
Context: Tom forced Mary to dance.

Q:  Who danced, Tom or Mary?
A: ","('You will be given a context and a question. Answer the question with either ""Tom"" or ""Mary"".\nContext: Tom forced Mary to dance.\n\nQ:  Who danced, Tom or Mary?\nA: ', 'Tom')"
90,gpt3,object-control,Tom,Mary,True,pushed,to leave,Mary,Mary,"You will be given a context and a question. Answer the question with either ""Mary"" or ""Tom"".
Context: Tom pushed Mary to leave.

Q:  Who left, Mary or Tom?
A: ","('You will be given a context and a question. Answer the question with either ""Mary"" or ""Tom"".\nContext: Tom pushed Mary to leave.\n\nQ:  Who left, Mary or Tom?\nA: ', 'Mary')"
91,gpt3,object-control,Tom,Mary,False,pushed,to leave,Mary,Mary,"You will be given a context and a question. Answer the question with either ""Tom"" or ""Mary"".
Context: Tom pushed Mary to leave.

Q:  Who left, Tom or Mary?
A: ","('You will be given a context and a question. Answer the question with either ""Tom"" or ""Mary"".\nContext: Tom pushed Mary to leave.\n\nQ:  Who left, Tom or Mary?\nA: ', 'Mary')"
92,gpt3,object-control,Tom,Mary,True,pushed,to call home,Mary,Mary,"You will be given a context and a question. Answer the question with either ""Mary"" or ""Tom"".
Context: Tom pushed Mary to call home.

Q:  Who called home, Mary or Tom?
A: ","('You will be given a context and a question. Answer the question with either ""Mary"" or ""Tom"".\nContext: Tom pushed Mary to call home.\n\nQ:  Who called home, Mary or Tom?\nA: ', 'Mary')"
93,gpt3,object-control,Tom,Mary,False,pushed,to call home,Mary,Tom,"You will be given a context and a question. Answer the question with either ""Tom"" or ""Mary"".
Context: Tom pushed Mary to call home.

Q:  Who called home, Tom or Mary?
A: ","('You will be given a context and a question. Answer the question with either ""Tom"" or ""Mary"".\nContext: Tom pushed Mary to call home.\n\nQ:  Who called home, Tom or Mary?\nA: ', 'Tom')"
94,gpt3,object-control,Tom,Mary,True,pushed,to reply,Mary,Mary,"You will be given a context and a question. Answer the question with either ""Mary"" or ""Tom"".
Context: Tom pushed Mary to reply.

Q:  Who replied, Mary or Tom?
A: ","('You will be given a context and a question. Answer the question with either ""Mary"" or ""Tom"".\nContext: Tom pushed Mary to reply.\n\nQ:  Who replied, Mary or Tom?\nA: ', 'Mary')"
95,gpt3,object-control,Tom,Mary,False,pushed,to reply,Mary,Mary,"You will be given a context and a question. Answer the question with either ""Tom"" or ""Mary"".
Context: Tom pushed Mary to reply.

Q:  Who replied, Tom or Mary?
A: ","('You will be given a context and a question. Answer the question with either ""Tom"" or ""Mary"".\nContext: Tom pushed Mary to reply.\n\nQ:  Who replied, Tom or Mary?\nA: ', 'Mary')"
96,gpt3,object-control,Tom,Mary,True,pushed,to wipe the counter,Mary,Mary,"You will be given a context and a question. Answer the question with either ""Mary"" or ""Tom"".
Context: Tom pushed Mary to wipe the counter.

Q:  Who wiped the counter, Mary or Tom?
A: ","('You will be given a context and a question. Answer the question with either ""Mary"" or ""Tom"".\nContext: Tom pushed Mary to wipe the counter.\n\nQ:  Who wiped the counter, Mary or Tom?\nA: ', 'Mary')"
97,gpt3,object-control,Tom,Mary,False,pushed,to wipe the counter,Mary,Tom,"You will be given a context and a question. Answer the question with either ""Tom"" or ""Mary"".
Context: Tom pushed Mary to wipe the counter.

Q:  Who wiped the counter, Tom or Mary?
A: ","('You will be given a context and a question. Answer the question with either ""Tom"" or ""Mary"".\nContext: Tom pushed Mary to wipe the counter.\n\nQ:  Who wiped the counter, Tom or Mary?\nA: ', 'Tom')"
98,gpt3,object-control,Tom,Mary,True,pushed,to dance,Mary,Mary,"You will be given a context and a question. Answer the question with either ""Mary"" or ""Tom"".
Context: Tom pushed Mary to dance.

Q:  Who danced, Mary or Tom?
A: ","('You will be given a context and a question. Answer the question with either ""Mary"" or ""Tom"".\nContext: Tom pushed Mary to dance.\n\nQ:  Who danced, Mary or Tom?\nA: ', 'Mary')"
99,gpt3,object-control,Tom,Mary,False,pushed,to dance,Mary,Tom,"You will be given a context and a question. Answer the question with either ""Tom"" or ""Mary"".
Context: Tom pushed Mary to dance.

Q:  Who danced, Tom or Mary?
A: ","('You will be given a context and a question. Answer the question with either ""Tom"" or ""Mary"".\nContext: Tom pushed Mary to dance.\n\nQ:  Who danced, Tom or Mary?\nA: ', 'Tom')"
100,gpt3,object-control,Tom,Bill,True,told,to leave,Bill,Bill,"You will be given a context and a question. Answer the question with either ""Bill"" or ""Tom"".
Context: Tom told Bill to leave.

Q:  Who left, Bill or Tom?
A: ","('You will be given a context and a question. Answer the question with either ""Bill"" or ""Tom"".\nContext: Tom told Bill to leave.\n\nQ:  Who left, Bill or Tom?\nA: ', 'Bill')"
101,gpt3,object-control,Tom,Bill,False,told,to leave,Bill,Bill,"You will be given a context and a question. Answer the question with either ""Tom"" or ""Bill"".
Context: Tom told Bill to leave.

Q:  Who left, Tom or Bill?
A: ","('You will be given a context and a question. Answer the question with either ""Tom"" or ""Bill"".\nContext: Tom told Bill to leave.\n\nQ:  Who left, Tom or Bill?\nA: ', 'Bill')"
102,gpt3,object-control,Tom,Bill,True,told,to call home,Bill,Bill,"You will be given a context and a question. Answer the question with either ""Bill"" or ""Tom"".
Context: Tom told Bill to call home.

Q:  Who called home, Bill or Tom?
A: ","('You will be given a context and a question. Answer the question with either ""Bill"" or ""Tom"".\nContext: Tom told Bill to call home.\n\nQ:  Who called home, Bill or Tom?\nA: ', 'Bill')"
103,gpt3,object-control,Tom,Bill,False,told,to call home,Bill,Bill,"You will be given a context and a question. Answer the question with either ""Tom"" or ""Bill"".
Context: Tom told Bill to call home.

Q:  Who called home, Tom or Bill?
A: ","('You will be given a context and a question. Answer the question with either ""Tom"" or ""Bill"".\nContext: Tom told Bill to call home.\n\nQ:  Who called home, Tom or Bill?\nA: ', 'Bill')"
104,gpt3,object-control,Tom,Bill,True,told,to reply,Bill,Bill,"You will be given a context and a question. Answer the question with either ""Bill"" or ""Tom"".
Context: Tom told Bill to reply.

Q:  Who replied, Bill or Tom?
A: ","('You will be given a context and a question. Answer the question with either ""Bill"" or ""Tom"".\nContext: Tom told Bill to reply.\n\nQ:  Who replied, Bill or Tom?\nA: ', 'Bill')"
105,gpt3,object-control,Tom,Bill,False,told,to reply,Bill,Tom,"You will be given a context and a question. Answer the question with either ""Tom"" or ""Bill"".
Context: Tom told Bill to reply.

Q:  Who replied, Tom or Bill?
A: ","('You will be given a context and a question. Answer the question with either ""Tom"" or ""Bill"".\nContext: Tom told Bill to reply.\n\nQ:  Who replied, Tom or Bill?\nA: ', 'Tom')"
106,gpt3,object-control,Tom,Bill,True,told,to wipe the counter,Bill,Bill,"You will be given a context and a question. Answer the question with either ""Bill"" or ""Tom"".
Context: Tom told Bill to wipe the counter.

Q:  Who wiped the counter, Bill or Tom?
A: ","('You will be given a context and a question. Answer the question with either ""Bill"" or ""Tom"".\nContext: Tom told Bill to wipe the counter.\n\nQ:  Who wiped the counter, Bill or Tom?\nA: ', 'Bill')"
107,gpt3,object-control,Tom,Bill,False,told,to wipe the counter,Bill,Bill,"You will be given a context and a question. Answer the question with either ""Tom"" or ""Bill"".
Context: Tom told Bill to wipe the counter.

Q:  Who wiped the counter, Tom or Bill?
A: ","('You will be given a context and a question. Answer the question with either ""Tom"" or ""Bill"".\nContext: Tom told Bill to wipe the counter.\n\nQ:  Who wiped the counter, Tom or Bill?\nA: ', 'Bill')"
108,gpt3,object-control,Tom,Bill,True,told,to dance,Bill,Bill,"You will be given a context and a question. Answer the question with either ""Bill"" or ""Tom"".
Context: Tom told Bill to dance.

Q:  Who danced, Bill or Tom?
A: ","('You will be given a context and a question. Answer the question with either ""Bill"" or ""Tom"".\nContext: Tom told Bill to dance.\n\nQ:  Who danced, Bill or Tom?\nA: ', 'Bill')"
109,gpt3,object-control,Tom,Bill,False,told,to dance,Bill,Bill,"You will be given a context and a question. Answer the question with either ""Tom"" or ""Bill"".
Context: Tom told Bill to dance.

Q:  Who danced, Tom or Bill?
A: ","('You will be given a context and a question. Answer the question with either ""Tom"" or ""Bill"".\nContext: Tom told Bill to dance.\n\nQ:  Who danced, Tom or Bill?\nA: ', 'Bill')"
110,gpt3,object-control,Tom,Bill,True,ordered,to leave,Bill,Bill,"You will be given a context and a question. Answer the question with either ""Bill"" or ""Tom"".
Context: Tom ordered Bill to leave.

Q:  Who left, Bill or Tom?
A: ","('You will be given a context and a question. Answer the question with either ""Bill"" or ""Tom"".\nContext: Tom ordered Bill to leave.\n\nQ:  Who left, Bill or Tom?\nA: ', 'Bill')"
111,gpt3,object-control,Tom,Bill,False,ordered,to leave,Bill,Bill,"You will be given a context and a question. Answer the question with either ""Tom"" or ""Bill"".
Context: Tom ordered Bill to leave.

Q:  Who left, Tom or Bill?
A: ","('You will be given a context and a question. Answer the question with either ""Tom"" or ""Bill"".\nContext: Tom ordered Bill to leave.\n\nQ:  Who left, Tom or Bill?\nA: ', 'Bill')"
112,gpt3,object-control,Tom,Bill,True,ordered,to call home,Bill,Bill,"You will be given a context and a question. Answer the question with either ""Bill"" or ""Tom"".
Context: Tom ordered Bill to call home.

Q:  Who called home, Bill or Tom?
A: ","('You will be given a context and a question. Answer the question with either ""Bill"" or ""Tom"".\nContext: Tom ordered Bill to call home.\n\nQ:  Who called home, Bill or Tom?\nA: ', 'Bill')"
113,gpt3,object-control,Tom,Bill,False,ordered,to call home,Bill,Tom,"You will be given a context and a question. Answer the question with either ""Tom"" or ""Bill"".
Context: Tom ordered Bill to call home.

Q:  Who called home, Tom or Bill?
A: ","('You will be given a context and a question. Answer the question with either ""Tom"" or ""Bill"".\nContext: Tom ordered Bill to call home.\n\nQ:  Who called home, Tom or Bill?\nA: ', 'Tom')"
114,gpt3,object-control,Tom,Bill,True,ordered,to reply,Bill,other,"You will be given a context and a question. Answer the question with either ""Bill"" or ""Tom"".
Context: Tom ordered Bill to reply.

Q:  Who replied, Bill or Tom?
A: ","('You will be given a context and a question. Answer the question with either ""Bill"" or ""Tom"".\nContext: Tom ordered Bill to reply.\n\nQ:  Who replied, Bill or Tom?\nA: ', '\n')"
115,gpt3,object-control,Tom,Bill,False,ordered,to reply,Bill,other,"You will be given a context and a question. Answer the question with either ""Tom"" or ""Bill"".
Context: Tom ordered Bill to reply.

Q:  Who replied, Tom or Bill?
A: ","('You will be given a context and a question. Answer the question with either ""Tom"" or ""Bill"".\nContext: Tom ordered Bill to reply.\n\nQ:  Who replied, Tom or Bill?\nA: ', '\n')"
116,gpt3,object-control,Tom,Bill,True,ordered,to wipe the counter,Bill,Bill,"You will be given a context and a question. Answer the question with either ""Bill"" or ""Tom"".
Context: Tom ordered Bill to wipe the counter.

Q:  Who wiped the counter, Bill or Tom?
A: ","('You will be given a context and a question. Answer the question with either ""Bill"" or ""Tom"".\nContext: Tom ordered Bill to wipe the counter.\n\nQ:  Who wiped the counter, Bill or Tom?\nA: ', 'Bill')"
117,gpt3,object-control,Tom,Bill,False,ordered,to wipe the counter,Bill,Bill,"You will be given a context and a question. Answer the question with either ""Tom"" or ""Bill"".
Context: Tom ordered Bill to wipe the counter.

Q:  Who wiped the counter, Tom or Bill?
A: ","('You will be given a context and a question. Answer the question with either ""Tom"" or ""Bill"".\nContext: Tom ordered Bill to wipe the counter.\n\nQ:  Who wiped the counter, Tom or Bill?\nA: ', 'Bill')"
118,gpt3,object-control,Tom,Bill,True,ordered,to dance,Bill,Bill,"You will be given a context and a question. Answer the question with either ""Bill"" or ""Tom"".
Context: Tom ordered Bill to dance.

Q:  Who danced, Bill or Tom?
A: ","('You will be given a context and a question. Answer the question with either ""Bill"" or ""Tom"".\nContext: Tom ordered Bill to dance.\n\nQ:  Who danced, Bill or Tom?\nA: ', 'Bill')"
119,gpt3,object-control,Tom,Bill,False,ordered,to dance,Bill,Bill,"You will be given a context and a question. Answer the question with either ""Tom"" or ""Bill"".
Context: Tom ordered Bill to dance.

Q:  Who danced, Tom or Bill?
A: ","('You will be given a context and a question. Answer the question with either ""Tom"" or ""Bill"".\nContext: Tom ordered Bill to dance.\n\nQ:  Who danced, Tom or Bill?\nA: ', 'Bill')"
120,gpt3,object-control,Tom,Bill,True,called upon,to leave,Bill,Bill,"You will be given a context and a question. Answer the question with either ""Bill"" or ""Tom"".
Context: Tom called upon Bill to leave.

Q:  Who left, Bill or Tom?
A: ","('You will be given a context and a question. Answer the question with either ""Bill"" or ""Tom"".\nContext: Tom called upon Bill to leave.\n\nQ:  Who left, Bill or Tom?\nA: ', 'Bill')"
121,gpt3,object-control,Tom,Bill,False,called upon,to leave,Bill,Bill,"You will be given a context and a question. Answer the question with either ""Tom"" or ""Bill"".
Context: Tom called upon Bill to leave.

Q:  Who left, Tom or Bill?
A: ","('You will be given a context and a question. Answer the question with either ""Tom"" or ""Bill"".\nContext: Tom called upon Bill to leave.\n\nQ:  Who left, Tom or Bill?\nA: ', 'Bill')"
122,gpt3,object-control,Tom,Bill,True,called upon,to call home,Bill,Bill,"You will be given a context and a question. Answer the question with either ""Bill"" or ""Tom"".
Context: Tom called upon Bill to call home.

Q:  Who called home, Bill or Tom?
A: ","('You will be given a context and a question. Answer the question with either ""Bill"" or ""Tom"".\nContext: Tom called upon Bill to call home.\n\nQ:  Who called home, Bill or Tom?\nA: ', 'Bill')"
123,gpt3,object-control,Tom,Bill,False,called upon,to call home,Bill,Tom,"You will be given a context and a question. Answer the question with either ""Tom"" or ""Bill"".
Context: Tom called upon Bill to call home.

Q:  Who called home, Tom or Bill?
A: ","('You will be given a context and a question. Answer the question with either ""Tom"" or ""Bill"".\nContext: Tom called upon Bill to call home.\n\nQ:  Who called home, Tom or Bill?\nA: ', 'Tom')"
124,gpt3,object-control,Tom,Bill,True,called upon,to reply,Bill,other,"You will be given a context and a question. Answer the question with either ""Bill"" or ""Tom"".
Context: Tom called upon Bill to reply.

Q:  Who replied, Bill or Tom?
A: ","('You will be given a context and a question. Answer the question with either ""Bill"" or ""Tom"".\nContext: Tom called upon Bill to reply.\n\nQ:  Who replied, Bill or Tom?\nA: ', '\n')"
125,gpt3,object-control,Tom,Bill,False,called upon,to reply,Bill,other,"You will be given a context and a question. Answer the question with either ""Tom"" or ""Bill"".
Context: Tom called upon Bill to reply.

Q:  Who replied, Tom or Bill?
A: ","('You will be given a context and a question. Answer the question with either ""Tom"" or ""Bill"".\nContext: Tom called upon Bill to reply.\n\nQ:  Who replied, Tom or Bill?\nA: ', '\n')"
126,gpt3,object-control,Tom,Bill,True,called upon,to wipe the counter,Bill,Bill,"You will be given a context and a question. Answer the question with either ""Bill"" or ""Tom"".
Context: Tom called upon Bill to wipe the counter.

Q:  Who wiped the counter, Bill or Tom?
A: ","('You will be given a context and a question. Answer the question with either ""Bill"" or ""Tom"".\nContext: Tom called upon Bill to wipe the counter.\n\nQ:  Who wiped the counter, Bill or Tom?\nA: ', 'Bill')"
127,gpt3,object-control,Tom,Bill,False,called upon,to wipe the counter,Bill,Tom,"You will be given a context and a question. Answer the question with either ""Tom"" or ""Bill"".
Context: Tom called upon Bill to wipe the counter.

Q:  Who wiped the counter, Tom or Bill?
A: ","('You will be given a context and a question. Answer the question with either ""Tom"" or ""Bill"".\nContext: Tom called upon Bill to wipe the counter.\n\nQ:  Who wiped the counter, Tom or Bill?\nA: ', 'Tom')"
128,gpt3,object-control,Tom,Bill,True,called upon,to dance,Bill,Bill,"You will be given a context and a question. Answer the question with either ""Bill"" or ""Tom"".
Context: Tom called upon Bill to dance.

Q:  Who danced, Bill or Tom?
A: ","('You will be given a context and a question. Answer the question with either ""Bill"" or ""Tom"".\nContext: Tom called upon Bill to dance.\n\nQ:  Who danced, Bill or Tom?\nA: ', 'Bill')"
129,gpt3,object-control,Tom,Bill,False,called upon,to dance,Bill,Tom,"You will be given a context and a question. Answer the question with either ""Tom"" or ""Bill"".
Context: Tom called upon Bill to dance.

Q:  Who danced, Tom or Bill?
A: ","('You will be given a context and a question. Answer the question with either ""Tom"" or ""Bill"".\nContext: Tom called upon Bill to dance.\n\nQ:  Who danced, Tom or Bill?\nA: ', 'Tom')"
130,gpt3,object-control,Tom,Bill,True,reminded,to leave,Bill,Bill,"You will be given a context and a question. Answer the question with either ""Bill"" or ""Tom"".
Context: Tom reminded Bill to leave.

Q:  Who left, Bill or Tom?
A: ","('You will be given a context and a question. Answer the question with either ""Bill"" or ""Tom"".\nContext: Tom reminded Bill to leave.\n\nQ:  Who left, Bill or Tom?\nA: ', 'Bill')"
131,gpt3,object-control,Tom,Bill,False,reminded,to leave,Bill,Bill,"You will be given a context and a question. Answer the question with either ""Tom"" or ""Bill"".
Context: Tom reminded Bill to leave.

Q:  Who left, Tom or Bill?
A: ","('You will be given a context and a question. Answer the question with either ""Tom"" or ""Bill"".\nContext: Tom reminded Bill to leave.\n\nQ:  Who left, Tom or Bill?\nA: ', 'Bill')"
132,gpt3,object-control,Tom,Bill,True,reminded,to call home,Bill,Bill,"You will be given a context and a question. Answer the question with either ""Bill"" or ""Tom"".
Context: Tom reminded Bill to call home.

Q:  Who called home, Bill or Tom?
A: ","('You will be given a context and a question. Answer the question with either ""Bill"" or ""Tom"".\nContext: Tom reminded Bill to call home.\n\nQ:  Who called home, Bill or Tom?\nA: ', 'Bill')"
133,gpt3,object-control,Tom,Bill,False,reminded,to call home,Bill,Tom,"You will be given a context and a question. Answer the question with either ""Tom"" or ""Bill"".
Context: Tom reminded Bill to call home.

Q:  Who called home, Tom or Bill?
A: ","('You will be given a context and a question. Answer the question with either ""Tom"" or ""Bill"".\nContext: Tom reminded Bill to call home.\n\nQ:  Who called home, Tom or Bill?\nA: ', 'Tom')"
134,gpt3,object-control,Tom,Bill,True,reminded,to reply,Bill,Bill,"You will be given a context and a question. Answer the question with either ""Bill"" or ""Tom"".
Context: Tom reminded Bill to reply.

Q:  Who replied, Bill or Tom?
A: ","('You will be given a context and a question. Answer the question with either ""Bill"" or ""Tom"".\nContext: Tom reminded Bill to reply.\n\nQ:  Who replied, Bill or Tom?\nA: ', 'Bill')"
135,gpt3,object-control,Tom,Bill,False,reminded,to reply,Bill,Bill,"You will be given a context and a question. Answer the question with either ""Tom"" or ""Bill"".
Context: Tom reminded Bill to reply.

Q:  Who replied, Tom or Bill?
A: ","('You will be given a context and a question. Answer the question with either ""Tom"" or ""Bill"".\nContext: Tom reminded Bill to reply.\n\nQ:  Who replied, Tom or Bill?\nA: ', 'Bill')"
136,gpt3,object-control,Tom,Bill,True,reminded,to wipe the counter,Bill,Bill,"You will be given a context and a question. Answer the question with either ""Bill"" or ""Tom"".
Context: Tom reminded Bill to wipe the counter.

Q:  Who wiped the counter, Bill or Tom?
A: ","('You will be given a context and a question. Answer the question with either ""Bill"" or ""Tom"".\nContext: Tom reminded Bill to wipe the counter.\n\nQ:  Who wiped the counter, Bill or Tom?\nA: ', 'Bill')"
137,gpt3,object-control,Tom,Bill,False,reminded,to wipe the counter,Bill,Tom,"You will be given a context and a question. Answer the question with either ""Tom"" or ""Bill"".
Context: Tom reminded Bill to wipe the counter.

Q:  Who wiped the counter, Tom or Bill?
A: ","('You will be given a context and a question. Answer the question with either ""Tom"" or ""Bill"".\nContext: Tom reminded Bill to wipe the counter.\n\nQ:  Who wiped the counter, Tom or Bill?\nA: ', 'Tom')"
138,gpt3,object-control,Tom,Bill,True,reminded,to dance,Bill,Bill,"You will be given a context and a question. Answer the question with either ""Bill"" or ""Tom"".
Context: Tom reminded Bill to dance.

Q:  Who danced, Bill or Tom?
A: ","('You will be given a context and a question. Answer the question with either ""Bill"" or ""Tom"".\nContext: Tom reminded Bill to dance.\n\nQ:  Who danced, Bill or Tom?\nA: ', 'Bill')"
139,gpt3,object-control,Tom,Bill,False,reminded,to dance,Bill,Tom,"You will be given a context and a question. Answer the question with either ""Tom"" or ""Bill"".
Context: Tom reminded Bill to dance.

Q:  Who danced, Tom or Bill?
A: ","('You will be given a context and a question. Answer the question with either ""Tom"" or ""Bill"".\nContext: Tom reminded Bill to dance.\n\nQ:  Who danced, Tom or Bill?\nA: ', 'Tom')"
140,gpt3,object-control,Tom,Bill,True,urged,to leave,Bill,Bill,"You will be given a context and a question. Answer the question with either ""Bill"" or ""Tom"".
Context: Tom urged Bill to leave.

Q:  Who left, Bill or Tom?
A: ","('You will be given a context and a question. Answer the question with either ""Bill"" or ""Tom"".\nContext: Tom urged Bill to leave.\n\nQ:  Who left, Bill or Tom?\nA: ', 'Bill')"
141,gpt3,object-control,Tom,Bill,False,urged,to leave,Bill,Bill,"You will be given a context and a question. Answer the question with either ""Tom"" or ""Bill"".
Context: Tom urged Bill to leave.

Q:  Who left, Tom or Bill?
A: ","('You will be given a context and a question. Answer the question with either ""Tom"" or ""Bill"".\nContext: Tom urged Bill to leave.\n\nQ:  Who left, Tom or Bill?\nA: ', 'Bill')"
142,gpt3,object-control,Tom,Bill,True,urged,to call home,Bill,Bill,"You will be given a context and a question. Answer the question with either ""Bill"" or ""Tom"".
Context: Tom urged Bill to call home.

Q:  Who called home, Bill or Tom?
A: ","('You will be given a context and a question. Answer the question with either ""Bill"" or ""Tom"".\nContext: Tom urged Bill to call home.\n\nQ:  Who called home, Bill or Tom?\nA: ', 'Bill')"
143,gpt3,object-control,Tom,Bill,False,urged,to call home,Bill,Bill,"You will be given a context and a question. Answer the question with either ""Tom"" or ""Bill"".
Context: Tom urged Bill to call home.

Q:  Who called home, Tom or Bill?
A: ","('You will be given a context and a question. Answer the question with either ""Tom"" or ""Bill"".\nContext: Tom urged Bill to call home.\n\nQ:  Who called home, Tom or Bill?\nA: ', 'Bill')"
144,gpt3,object-control,Tom,Bill,True,urged,to reply,Bill,other,"You will be given a context and a question. Answer the question with either ""Bill"" or ""Tom"".
Context: Tom urged Bill to reply.

Q:  Who replied, Bill or Tom?
A: ","('You will be given a context and a question. Answer the question with either ""Bill"" or ""Tom"".\nContext: Tom urged Bill to reply.\n\nQ:  Who replied, Bill or Tom?\nA: ', '\n')"
145,gpt3,object-control,Tom,Bill,False,urged,to reply,Bill,other,"You will be given a context and a question. Answer the question with either ""Tom"" or ""Bill"".
Context: Tom urged Bill to reply.

Q:  Who replied, Tom or Bill?
A: ","('You will be given a context and a question. Answer the question with either ""Tom"" or ""Bill"".\nContext: Tom urged Bill to reply.\n\nQ:  Who replied, Tom or Bill?\nA: ', '\n')"
146,gpt3,object-control,Tom,Bill,True,urged,to wipe the counter,Bill,Bill,"You will be given a context and a question. Answer the question with either ""Bill"" or ""Tom"".
Context: Tom urged Bill to wipe the counter.

Q:  Who wiped the counter, Bill or Tom?
A: ","('You will be given a context and a question. Answer the question with either ""Bill"" or ""Tom"".\nContext: Tom urged Bill to wipe the counter.\n\nQ:  Who wiped the counter, Bill or Tom?\nA: ', 'Bill')"
147,gpt3,object-control,Tom,Bill,False,urged,to wipe the counter,Bill,Tom,"You will be given a context and a question. Answer the question with either ""Tom"" or ""Bill"".
Context: Tom urged Bill to wipe the counter.

Q:  Who wiped the counter, Tom or Bill?
A: ","('You will be given a context and a question. Answer the question with either ""Tom"" or ""Bill"".\nContext: Tom urged Bill to wipe the counter.\n\nQ:  Who wiped the counter, Tom or Bill?\nA: ', 'Tom')"
148,gpt3,object-control,Tom,Bill,True,urged,to dance,Bill,Bill,"You will be given a context and a question. Answer the question with either ""Bill"" or ""Tom"".
Context: Tom urged Bill to dance.

Q:  Who danced, Bill or Tom?
A: ","('You will be given a context and a question. Answer the question with either ""Bill"" or ""Tom"".\nContext: Tom urged Bill to dance.\n\nQ:  Who danced, Bill or Tom?\nA: ', 'Bill')"
149,gpt3,object-control,Tom,Bill,False,urged,to dance,Bill,Bill,"You will be given a context and a question. Answer the question with either ""Tom"" or ""Bill"".
Context: Tom urged Bill to dance.

Q:  Who danced, Tom or Bill?
A: ","('You will be given a context and a question. Answer the question with either ""Tom"" or ""Bill"".\nContext: Tom urged Bill to dance.\n\nQ:  Who danced, Tom or Bill?\nA: ', 'Bill')"
150,gpt3,object-control,Tom,Bill,True,asked,to leave,Bill,Bill,"You will be given a context and a question. Answer the question with either ""Bill"" or ""Tom"".
Context: Tom asked Bill to leave.

Q:  Who left, Bill or Tom?
A: ","('You will be given a context and a question. Answer the question with either ""Bill"" or ""Tom"".\nContext: Tom asked Bill to leave.\n\nQ:  Who left, Bill or Tom?\nA: ', 'Bill')"
151,gpt3,object-control,Tom,Bill,False,asked,to leave,Bill,Bill,"You will be given a context and a question. Answer the question with either ""Tom"" or ""Bill"".
Context: Tom asked Bill to leave.

Q:  Who left, Tom or Bill?
A: ","('You will be given a context and a question. Answer the question with either ""Tom"" or ""Bill"".\nContext: Tom asked Bill to leave.\n\nQ:  Who left, Tom or Bill?\nA: ', 'Bill')"
152,gpt3,object-control,Tom,Bill,True,asked,to call home,Bill,Bill,"You will be given a context and a question. Answer the question with either ""Bill"" or ""Tom"".
Context: Tom asked Bill to call home.

Q:  Who called home, Bill or Tom?
A: ","('You will be given a context and a question. Answer the question with either ""Bill"" or ""Tom"".\nContext: Tom asked Bill to call home.\n\nQ:  Who called home, Bill or Tom?\nA: ', 'Bill')"
153,gpt3,object-control,Tom,Bill,False,asked,to call home,Bill,Tom,"You will be given a context and a question. Answer the question with either ""Tom"" or ""Bill"".
Context: Tom asked Bill to call home.

Q:  Who called home, Tom or Bill?
A: ","('You will be given a context and a question. Answer the question with either ""Tom"" or ""Bill"".\nContext: Tom asked Bill to call home.\n\nQ:  Who called home, Tom or Bill?\nA: ', 'Tom')"
154,gpt3,object-control,Tom,Bill,True,asked,to reply,Bill,Bill,"You will be given a context and a question. Answer the question with either ""Bill"" or ""Tom"".
Context: Tom asked Bill to reply.

Q:  Who replied, Bill or Tom?
A: ","('You will be given a context and a question. Answer the question with either ""Bill"" or ""Tom"".\nContext: Tom asked Bill to reply.\n\nQ:  Who replied, Bill or Tom?\nA: ', 'Bill')"
155,gpt3,object-control,Tom,Bill,False,asked,to reply,Bill,other,"You will be given a context and a question. Answer the question with either ""Tom"" or ""Bill"".
Context: Tom asked Bill to reply.

Q:  Who replied, Tom or Bill?
A: ","('You will be given a context and a question. Answer the question with either ""Tom"" or ""Bill"".\nContext: Tom asked Bill to reply.\n\nQ:  Who replied, Tom or Bill?\nA: ', '\n')"
156,gpt3,object-control,Tom,Bill,True,asked,to wipe the counter,Bill,Bill,"You will be given a context and a question. Answer the question with either ""Bill"" or ""Tom"".
Context: Tom asked Bill to wipe the counter.

Q:  Who wiped the counter, Bill or Tom?
A: ","('You will be given a context and a question. Answer the question with either ""Bill"" or ""Tom"".\nContext: Tom asked Bill to wipe the counter.\n\nQ:  Who wiped the counter, Bill or Tom?\nA: ', 'Bill')"
157,gpt3,object-control,Tom,Bill,False,asked,to wipe the counter,Bill,Tom,"You will be given a context and a question. Answer the question with either ""Tom"" or ""Bill"".
Context: Tom asked Bill to wipe the counter.

Q:  Who wiped the counter, Tom or Bill?
A: ","('You will be given a context and a question. Answer the question with either ""Tom"" or ""Bill"".\nContext: Tom asked Bill to wipe the counter.\n\nQ:  Who wiped the counter, Tom or Bill?\nA: ', 'Tom')"
158,gpt3,object-control,Tom,Bill,True,asked,to dance,Bill,Bill,"You will be given a context and a question. Answer the question with either ""Bill"" or ""Tom"".
Context: Tom asked Bill to dance.

Q:  Who danced, Bill or Tom?
A: ","('You will be given a context and a question. Answer the question with either ""Bill"" or ""Tom"".\nContext: Tom asked Bill to dance.\n\nQ:  Who danced, Bill or Tom?\nA: ', 'Bill')"
159,gpt3,object-control,Tom,Bill,False,asked,to dance,Bill,Tom,"You will be given a context and a question. Answer the question with either ""Tom"" or ""Bill"".
Context: Tom asked Bill to dance.

Q:  Who danced, Tom or Bill?
A: ","('You will be given a context and a question. Answer the question with either ""Tom"" or ""Bill"".\nContext: Tom asked Bill to dance.\n\nQ:  Who danced, Tom or Bill?\nA: ', 'Tom')"
160,gpt3,object-control,Tom,Bill,True,persuaded,to leave,Bill,Bill,"You will be given a context and a question. Answer the question with either ""Bill"" or ""Tom"".
Context: Tom persuaded Bill to leave.

Q:  Who left, Bill or Tom?
A: ","('You will be given a context and a question. Answer the question with either ""Bill"" or ""Tom"".\nContext: Tom persuaded Bill to leave.\n\nQ:  Who left, Bill or Tom?\nA: ', 'Bill')"
161,gpt3,object-control,Tom,Bill,False,persuaded,to leave,Bill,Bill,"You will be given a context and a question. Answer the question with either ""Tom"" or ""Bill"".
Context: Tom persuaded Bill to leave.

Q:  Who left, Tom or Bill?
A: ","('You will be given a context and a question. Answer the question with either ""Tom"" or ""Bill"".\nContext: Tom persuaded Bill to leave.\n\nQ:  Who left, Tom or Bill?\nA: ', 'Bill')"
162,gpt3,object-control,Tom,Bill,True,persuaded,to call home,Bill,Bill,"You will be given a context and a question. Answer the question with either ""Bill"" or ""Tom"".
Context: Tom persuaded Bill to call home.

Q:  Who called home, Bill or Tom?
A: ","('You will be given a context and a question. Answer the question with either ""Bill"" or ""Tom"".\nContext: Tom persuaded Bill to call home.\n\nQ:  Who called home, Bill or Tom?\nA: ', 'Bill')"
163,gpt3,object-control,Tom,Bill,False,persuaded,to call home,Bill,Tom,"You will be given a context and a question. Answer the question with either ""Tom"" or ""Bill"".
Context: Tom persuaded Bill to call home.

Q:  Who called home, Tom or Bill?
A: ","('You will be given a context and a question. Answer the question with either ""Tom"" or ""Bill"".\nContext: Tom persuaded Bill to call home.\n\nQ:  Who called home, Tom or Bill?\nA: ', 'Tom')"
164,gpt3,object-control,Tom,Bill,True,persuaded,to reply,Bill,Bill,"You will be given a context and a question. Answer the question with either ""Bill"" or ""Tom"".
Context: Tom persuaded Bill to reply.

Q:  Who replied, Bill or Tom?
A: ","('You will be given a context and a question. Answer the question with either ""Bill"" or ""Tom"".\nContext: Tom persuaded Bill to reply.\n\nQ:  Who replied, Bill or Tom?\nA: ', 'Bill')"
165,gpt3,object-control,Tom,Bill,False,persuaded,to reply,Bill,Bill,"You will be given a context and a question. Answer the question with either ""Tom"" or ""Bill"".
Context: Tom persuaded Bill to reply.

Q:  Who replied, Tom or Bill?
A: ","('You will be given a context and a question. Answer the question with either ""Tom"" or ""Bill"".\nContext: Tom persuaded Bill to reply.\n\nQ:  Who replied, Tom or Bill?\nA: ', 'Bill')"
166,gpt3,object-control,Tom,Bill,True,persuaded,to wipe the counter,Bill,Bill,"You will be given a context and a question. Answer the question with either ""Bill"" or ""Tom"".
Context: Tom persuaded Bill to wipe the counter.

Q:  Who wiped the counter, Bill or Tom?
A: ","('You will be given a context and a question. Answer the question with either ""Bill"" or ""Tom"".\nContext: Tom persuaded Bill to wipe the counter.\n\nQ:  Who wiped the counter, Bill or Tom?\nA: ', 'Bill')"
167,gpt3,object-control,Tom,Bill,False,persuaded,to wipe the counter,Bill,Tom,"You will be given a context and a question. Answer the question with either ""Tom"" or ""Bill"".
Context: Tom persuaded Bill to wipe the counter.

Q:  Who wiped the counter, Tom or Bill?
A: ","('You will be given a context and a question. Answer the question with either ""Tom"" or ""Bill"".\nContext: Tom persuaded Bill to wipe the counter.\n\nQ:  Who wiped the counter, Tom or Bill?\nA: ', 'Tom')"
168,gpt3,object-control,Tom,Bill,True,persuaded,to dance,Bill,Bill,"You will be given a context and a question. Answer the question with either ""Bill"" or ""Tom"".
Context: Tom persuaded Bill to dance.

Q:  Who danced, Bill or Tom?
A: ","('You will be given a context and a question. Answer the question with either ""Bill"" or ""Tom"".\nContext: Tom persuaded Bill to dance.\n\nQ:  Who danced, Bill or Tom?\nA: ', 'Bill')"
169,gpt3,object-control,Tom,Bill,False,persuaded,to dance,Bill,Tom,"You will be given a context and a question. Answer the question with either ""Tom"" or ""Bill"".
Context: Tom persuaded Bill to dance.

Q:  Who danced, Tom or Bill?
A: ","('You will be given a context and a question. Answer the question with either ""Tom"" or ""Bill"".\nContext: Tom persuaded Bill to dance.\n\nQ:  Who danced, Tom or Bill?\nA: ', 'Tom')"
170,gpt3,object-control,Tom,Bill,True,convinced,to leave,Bill,Bill,"You will be given a context and a question. Answer the question with either ""Bill"" or ""Tom"".
Context: Tom convinced Bill to leave.

Q:  Who left, Bill or Tom?
A: ","('You will be given a context and a question. Answer the question with either ""Bill"" or ""Tom"".\nContext: Tom convinced Bill to leave.\n\nQ:  Who left, Bill or Tom?\nA: ', 'Bill')"
171,gpt3,object-control,Tom,Bill,False,convinced,to leave,Bill,Bill,"You will be given a context and a question. Answer the question with either ""Tom"" or ""Bill"".
Context: Tom convinced Bill to leave.

Q:  Who left, Tom or Bill?
A: ","('You will be given a context and a question. Answer the question with either ""Tom"" or ""Bill"".\nContext: Tom convinced Bill to leave.\n\nQ:  Who left, Tom or Bill?\nA: ', 'Bill')"
172,gpt3,object-control,Tom,Bill,True,convinced,to call home,Bill,Bill,"You will be given a context and a question. Answer the question with either ""Bill"" or ""Tom"".
Context: Tom convinced Bill to call home.

Q:  Who called home, Bill or Tom?
A: ","('You will be given a context and a question. Answer the question with either ""Bill"" or ""Tom"".\nContext: Tom convinced Bill to call home.\n\nQ:  Who called home, Bill or Tom?\nA: ', 'Bill')"
173,gpt3,object-control,Tom,Bill,False,convinced,to call home,Bill,Tom,"You will be given a context and a question. Answer the question with either ""Tom"" or ""Bill"".
Context: Tom convinced Bill to call home.

Q:  Who called home, Tom or Bill?
A: ","('You will be given a context and a question. Answer the question with either ""Tom"" or ""Bill"".\nContext: Tom convinced Bill to call home.\n\nQ:  Who called home, Tom or Bill?\nA: ', 'Tom')"
174,gpt3,object-control,Tom,Bill,True,convinced,to reply,Bill,Bill,"You will be given a context and a question. Answer the question with either ""Bill"" or ""Tom"".
Context: Tom convinced Bill to reply.

Q:  Who replied, Bill or Tom?
A: ","('You will be given a context and a question. Answer the question with either ""Bill"" or ""Tom"".\nContext: Tom convinced Bill to reply.\n\nQ:  Who replied, Bill or Tom?\nA: ', 'Bill')"
175,gpt3,object-control,Tom,Bill,False,convinced,to reply,Bill,Tom,"You will be given a context and a question. Answer the question with either ""Tom"" or ""Bill"".
Context: Tom convinced Bill to reply.

Q:  Who replied, Tom or Bill?
A: ","('You will be given a context and a question. Answer the question with either ""Tom"" or ""Bill"".\nContext: Tom convinced Bill to reply.\n\nQ:  Who replied, Tom or Bill?\nA: ', 'Tom')"
176,gpt3,object-control,Tom,Bill,True,convinced,to wipe the counter,Bill,Bill,"You will be given a context and a question. Answer the question with either ""Bill"" or ""Tom"".
Context: Tom convinced Bill to wipe the counter.

Q:  Who wiped the counter, Bill or Tom?
A: ","('You will be given a context and a question. Answer the question with either ""Bill"" or ""Tom"".\nContext: Tom convinced Bill to wipe the counter.\n\nQ:  Who wiped the counter, Bill or Tom?\nA: ', 'Bill')"
177,gpt3,object-control,Tom,Bill,False,convinced,to wipe the counter,Bill,Tom,"You will be given a context and a question. Answer the question with either ""Tom"" or ""Bill"".
Context: Tom convinced Bill to wipe the counter.

Q:  Who wiped the counter, Tom or Bill?
A: ","('You will be given a context and a question. Answer the question with either ""Tom"" or ""Bill"".\nContext: Tom convinced Bill to wipe the counter.\n\nQ:  Who wiped the counter, Tom or Bill?\nA: ', 'Tom')"
178,gpt3,object-control,Tom,Bill,True,convinced,to dance,Bill,Bill,"You will be given a context and a question. Answer the question with either ""Bill"" or ""Tom"".
Context: Tom convinced Bill to dance.

Q:  Who danced, Bill or Tom?
A: ","('You will be given a context and a question. Answer the question with either ""Bill"" or ""Tom"".\nContext: Tom convinced Bill to dance.\n\nQ:  Who danced, Bill or Tom?\nA: ', 'Bill')"
179,gpt3,object-control,Tom,Bill,False,convinced,to dance,Bill,Tom,"You will be given a context and a question. Answer the question with either ""Tom"" or ""Bill"".
Context: Tom convinced Bill to dance.

Q:  Who danced, Tom or Bill?
A: ","('You will be given a context and a question. Answer the question with either ""Tom"" or ""Bill"".\nContext: Tom convinced Bill to dance.\n\nQ:  Who danced, Tom or Bill?\nA: ', 'Tom')"
180,gpt3,object-control,Tom,Bill,True,forced,to leave,Bill,Bill,"You will be given a context and a question. Answer the question with either ""Bill"" or ""Tom"".
Context: Tom forced Bill to leave.

Q:  Who left, Bill or Tom?
A: ","('You will be given a context and a question. Answer the question with either ""Bill"" or ""Tom"".\nContext: Tom forced Bill to leave.\n\nQ:  Who left, Bill or Tom?\nA: ', 'Bill')"
181,gpt3,object-control,Tom,Bill,False,forced,to leave,Bill,Bill,"You will be given a context and a question. Answer the question with either ""Tom"" or ""Bill"".
Context: Tom forced Bill to leave.

Q:  Who left, Tom or Bill?
A: ","('You will be given a context and a question. Answer the question with either ""Tom"" or ""Bill"".\nContext: Tom forced Bill to leave.\n\nQ:  Who left, Tom or Bill?\nA: ', 'Bill')"
182,gpt3,object-control,Tom,Bill,True,forced,to call home,Bill,Bill,"You will be given a context and a question. Answer the question with either ""Bill"" or ""Tom"".
Context: Tom forced Bill to call home.

Q:  Who called home, Bill or Tom?
A: ","('You will be given a context and a question. Answer the question with either ""Bill"" or ""Tom"".\nContext: Tom forced Bill to call home.\n\nQ:  Who called home, Bill or Tom?\nA: ', 'Bill')"
183,gpt3,object-control,Tom,Bill,False,forced,to call home,Bill,Bill,"You will be given a context and a question. Answer the question with either ""Tom"" or ""Bill"".
Context: Tom forced Bill to call home.

Q:  Who called home, Tom or Bill?
A: ","('You will be given a context and a question. Answer the question with either ""Tom"" or ""Bill"".\nContext: Tom forced Bill to call home.\n\nQ:  Who called home, Tom or Bill?\nA: ', 'Bill')"
184,gpt3,object-control,Tom,Bill,True,forced,to reply,Bill,Bill,"You will be given a context and a question. Answer the question with either ""Bill"" or ""Tom"".
Context: Tom forced Bill to reply.

Q:  Who replied, Bill or Tom?
A: ","('You will be given a context and a question. Answer the question with either ""Bill"" or ""Tom"".\nContext: Tom forced Bill to reply.\n\nQ:  Who replied, Bill or Tom?\nA: ', 'Bill')"
185,gpt3,object-control,Tom,Bill,False,forced,to reply,Bill,Tom,"You will be given a context and a question. Answer the question with either ""Tom"" or ""Bill"".
Context: Tom forced Bill to reply.

Q:  Who replied, Tom or Bill?
A: ","('You will be given a context and a question. Answer the question with either ""Tom"" or ""Bill"".\nContext: Tom forced Bill to reply.\n\nQ:  Who replied, Tom or Bill?\nA: ', 'Tom')"
186,gpt3,object-control,Tom,Bill,True,forced,to wipe the counter,Bill,Bill,"You will be given a context and a question. Answer the question with either ""Bill"" or ""Tom"".
Context: Tom forced Bill to wipe the counter.

Q:  Who wiped the counter, Bill or Tom?
A: ","('You will be given a context and a question. Answer the question with either ""Bill"" or ""Tom"".\nContext: Tom forced Bill to wipe the counter.\n\nQ:  Who wiped the counter, Bill or Tom?\nA: ', 'Bill')"
187,gpt3,object-control,Tom,Bill,False,forced,to wipe the counter,Bill,Bill,"You will be given a context and a question. Answer the question with either ""Tom"" or ""Bill"".
Context: Tom forced Bill to wipe the counter.

Q:  Who wiped the counter, Tom or Bill?
A: ","('You will be given a context and a question. Answer the question with either ""Tom"" or ""Bill"".\nContext: Tom forced Bill to wipe the counter.\n\nQ:  Who wiped the counter, Tom or Bill?\nA: ', 'Bill')"
188,gpt3,object-control,Tom,Bill,True,forced,to dance,Bill,Bill,"You will be given a context and a question. Answer the question with either ""Bill"" or ""Tom"".
Context: Tom forced Bill to dance.

Q:  Who danced, Bill or Tom?
A: ","('You will be given a context and a question. Answer the question with either ""Bill"" or ""Tom"".\nContext: Tom forced Bill to dance.\n\nQ:  Who danced, Bill or Tom?\nA: ', 'Bill')"
189,gpt3,object-control,Tom,Bill,False,forced,to dance,Bill,Bill,"You will be given a context and a question. Answer the question with either ""Tom"" or ""Bill"".
Context: Tom forced Bill to dance.

Q:  Who danced, Tom or Bill?
A: ","('You will be given a context and a question. Answer the question with either ""Tom"" or ""Bill"".\nContext: Tom forced Bill to dance.\n\nQ:  Who danced, Tom or Bill?\nA: ', 'Bill')"
190,gpt3,object-control,Tom,Bill,True,pushed,to leave,Bill,Bill,"You will be given a context and a question. Answer the question with either ""Bill"" or ""Tom"".
Context: Tom pushed Bill to leave.

Q:  Who left, Bill or Tom?
A: ","('You will be given a context and a question. Answer the question with either ""Bill"" or ""Tom"".\nContext: Tom pushed Bill to leave.\n\nQ:  Who left, Bill or Tom?\nA: ', 'Bill')"
191,gpt3,object-control,Tom,Bill,False,pushed,to leave,Bill,Bill,"You will be given a context and a question. Answer the question with either ""Tom"" or ""Bill"".
Context: Tom pushed Bill to leave.

Q:  Who left, Tom or Bill?
A: ","('You will be given a context and a question. Answer the question with either ""Tom"" or ""Bill"".\nContext: Tom pushed Bill to leave.\n\nQ:  Who left, Tom or Bill?\nA: ', 'Bill')"
192,gpt3,object-control,Tom,Bill,True,pushed,to call home,Bill,Bill,"You will be given a context and a question. Answer the question with either ""Bill"" or ""Tom"".
Context: Tom pushed Bill to call home.

Q:  Who called home, Bill or Tom?
A: ","('You will be given a context and a question. Answer the question with either ""Bill"" or ""Tom"".\nContext: Tom pushed Bill to call home.\n\nQ:  Who called home, Bill or Tom?\nA: ', 'Bill')"
193,gpt3,object-control,Tom,Bill,False,pushed,to call home,Bill,Bill,"You will be given a context and a question. Answer the question with either ""Tom"" or ""Bill"".
Context: Tom pushed Bill to call home.

Q:  Who called home, Tom or Bill?
A: ","('You will be given a context and a question. Answer the question with either ""Tom"" or ""Bill"".\nContext: Tom pushed Bill to call home.\n\nQ:  Who called home, Tom or Bill?\nA: ', 'Bill')"
194,gpt3,object-control,Tom,Bill,True,pushed,to reply,Bill,Bill,"You will be given a context and a question. Answer the question with either ""Bill"" or ""Tom"".
Context: Tom pushed Bill to reply.

Q:  Who replied, Bill or Tom?
A: ","('You will be given a context and a question. Answer the question with either ""Bill"" or ""Tom"".\nContext: Tom pushed Bill to reply.\n\nQ:  Who replied, Bill or Tom?\nA: ', 'Bill')"
195,gpt3,object-control,Tom,Bill,False,pushed,to reply,Bill,Tom,"You will be given a context and a question. Answer the question with either ""Tom"" or ""Bill"".
Context: Tom pushed Bill to reply.

Q:  Who replied, Tom or Bill?
A: ","('You will be given a context and a question. Answer the question with either ""Tom"" or ""Bill"".\nContext: Tom pushed Bill to reply.\n\nQ:  Who replied, Tom or Bill?\nA: ', 'Tom')"
196,gpt3,object-control,Tom,Bill,True,pushed,to wipe the counter,Bill,Bill,"You will be given a context and a question. Answer the question with either ""Bill"" or ""Tom"".
Context: Tom pushed Bill to wipe the counter.

Q:  Who wiped the counter, Bill or Tom?
A: ","('You will be given a context and a question. Answer the question with either ""Bill"" or ""Tom"".\nContext: Tom pushed Bill to wipe the counter.\n\nQ:  Who wiped the counter, Bill or Tom?\nA: ', 'Bill')"
197,gpt3,object-control,Tom,Bill,False,pushed,to wipe the counter,Bill,Tom,"You will be given a context and a question. Answer the question with either ""Tom"" or ""Bill"".
Context: Tom pushed Bill to wipe the counter.

Q:  Who wiped the counter, Tom or Bill?
A: ","('You will be given a context and a question. Answer the question with either ""Tom"" or ""Bill"".\nContext: Tom pushed Bill to wipe the counter.\n\nQ:  Who wiped the counter, Tom or Bill?\nA: ', 'Tom')"
198,gpt3,object-control,Tom,Bill,True,pushed,to dance,Bill,Bill,"You will be given a context and a question. Answer the question with either ""Bill"" or ""Tom"".
Context: Tom pushed Bill to dance.

Q:  Who danced, Bill or Tom?
A: ","('You will be given a context and a question. Answer the question with either ""Bill"" or ""Tom"".\nContext: Tom pushed Bill to dance.\n\nQ:  Who danced, Bill or Tom?\nA: ', 'Bill')"
199,gpt3,object-control,Tom,Bill,False,pushed,to dance,Bill,Bill,"You will be given a context and a question. Answer the question with either ""Tom"" or ""Bill"".
Context: Tom pushed Bill to dance.

Q:  Who danced, Tom or Bill?
A: ","('You will be given a context and a question. Answer the question with either ""Tom"" or ""Bill"".\nContext: Tom pushed Bill to dance.\n\nQ:  Who danced, Tom or Bill?\nA: ', 'Bill')"
200,gpt3,object-control,Mary,Bill,True,told,to leave,Bill,Bill,"You will be given a context and a question. Answer the question with either ""Bill"" or ""Mary"".
Context: Mary told Bill to leave.

Q:  Who left, Bill or Mary?
A: ","('You will be given a context and a question. Answer the question with either ""Bill"" or ""Mary"".\nContext: Mary told Bill to leave.\n\nQ:  Who left, Bill or Mary?\nA: ', 'Bill')"
201,gpt3,object-control,Mary,Bill,False,told,to leave,Bill,Mary,"You will be given a context and a question. Answer the question with either ""Mary"" or ""Bill"".
Context: Mary told Bill to leave.

Q:  Who left, Mary or Bill?
A: ","('You will be given a context and a question. Answer the question with either ""Mary"" or ""Bill"".\nContext: Mary told Bill to leave.\n\nQ:  Who left, Mary or Bill?\nA: ', 'Mary')"
202,gpt3,object-control,Mary,Bill,True,told,to call home,Bill,Bill,"You will be given a context and a question. Answer the question with either ""Bill"" or ""Mary"".
Context: Mary told Bill to call home.

Q:  Who called home, Bill or Mary?
A: ","('You will be given a context and a question. Answer the question with either ""Bill"" or ""Mary"".\nContext: Mary told Bill to call home.\n\nQ:  Who called home, Bill or Mary?\nA: ', 'Bill')"
203,gpt3,object-control,Mary,Bill,False,told,to call home,Bill,Mary,"You will be given a context and a question. Answer the question with either ""Mary"" or ""Bill"".
Context: Mary told Bill to call home.

Q:  Who called home, Mary or Bill?
A: ","('You will be given a context and a question. Answer the question with either ""Mary"" or ""Bill"".\nContext: Mary told Bill to call home.\n\nQ:  Who called home, Mary or Bill?\nA: ', 'Mary')"
204,gpt3,object-control,Mary,Bill,True,told,to reply,Bill,other,"You will be given a context and a question. Answer the question with either ""Bill"" or ""Mary"".
Context: Mary told Bill to reply.

Q:  Who replied, Bill or Mary?
A: ","('You will be given a context and a question. Answer the question with either ""Bill"" or ""Mary"".\nContext: Mary told Bill to reply.\n\nQ:  Who replied, Bill or Mary?\nA: ', '\n')"
205,gpt3,object-control,Mary,Bill,False,told,to reply,Bill,Mary,"You will be given a context and a question. Answer the question with either ""Mary"" or ""Bill"".
Context: Mary told Bill to reply.

Q:  Who replied, Mary or Bill?
A: ","('You will be given a context and a question. Answer the question with either ""Mary"" or ""Bill"".\nContext: Mary told Bill to reply.\n\nQ:  Who replied, Mary or Bill?\nA: ', 'Mary')"
206,gpt3,object-control,Mary,Bill,True,told,to wipe the counter,Bill,Bill,"You will be given a context and a question. Answer the question with either ""Bill"" or ""Mary"".
Context: Mary told Bill to wipe the counter.

Q:  Who wiped the counter, Bill or Mary?
A: ","('You will be given a context and a question. Answer the question with either ""Bill"" or ""Mary"".\nContext: Mary told Bill to wipe the counter.\n\nQ:  Who wiped the counter, Bill or Mary?\nA: ', 'Bill')"
207,gpt3,object-control,Mary,Bill,False,told,to wipe the counter,Bill,Mary,"You will be given a context and a question. Answer the question with either ""Mary"" or ""Bill"".
Context: Mary told Bill to wipe the counter.

Q:  Who wiped the counter, Mary or Bill?
A: ","('You will be given a context and a question. Answer the question with either ""Mary"" or ""Bill"".\nContext: Mary told Bill to wipe the counter.\n\nQ:  Who wiped the counter, Mary or Bill?\nA: ', 'Mary')"
208,gpt3,object-control,Mary,Bill,True,told,to dance,Bill,Bill,"You will be given a context and a question. Answer the question with either ""Bill"" or ""Mary"".
Context: Mary told Bill to dance.

Q:  Who danced, Bill or Mary?
A: ","('You will be given a context and a question. Answer the question with either ""Bill"" or ""Mary"".\nContext: Mary told Bill to dance.\n\nQ:  Who danced, Bill or Mary?\nA: ', 'Bill')"
209,gpt3,object-control,Mary,Bill,False,told,to dance,Bill,Mary,"You will be given a context and a question. Answer the question with either ""Mary"" or ""Bill"".
Context: Mary told Bill to dance.

Q:  Who danced, Mary or Bill?
A: ","('You will be given a context and a question. Answer the question with either ""Mary"" or ""Bill"".\nContext: Mary told Bill to dance.\n\nQ:  Who danced, Mary or Bill?\nA: ', 'Mary')"
210,gpt3,object-control,Mary,Bill,True,ordered,to leave,Bill,Bill,"You will be given a context and a question. Answer the question with either ""Bill"" or ""Mary"".
Context: Mary ordered Bill to leave.

Q:  Who left, Bill or Mary?
A: ","('You will be given a context and a question. Answer the question with either ""Bill"" or ""Mary"".\nContext: Mary ordered Bill to leave.\n\nQ:  Who left, Bill or Mary?\nA: ', 'Bill')"
211,gpt3,object-control,Mary,Bill,False,ordered,to leave,Bill,Mary,"You will be given a context and a question. Answer the question with either ""Mary"" or ""Bill"".
Context: Mary ordered Bill to leave.

Q:  Who left, Mary or Bill?
A: ","('You will be given a context and a question. Answer the question with either ""Mary"" or ""Bill"".\nContext: Mary ordered Bill to leave.\n\nQ:  Who left, Mary or Bill?\nA: ', 'Mary')"
212,gpt3,object-control,Mary,Bill,True,ordered,to call home,Bill,Bill,"You will be given a context and a question. Answer the question with either ""Bill"" or ""Mary"".
Context: Mary ordered Bill to call home.

Q:  Who called home, Bill or Mary?
A: ","('You will be given a context and a question. Answer the question with either ""Bill"" or ""Mary"".\nContext: Mary ordered Bill to call home.\n\nQ:  Who called home, Bill or Mary?\nA: ', 'Bill')"
213,gpt3,object-control,Mary,Bill,False,ordered,to call home,Bill,Mary,"You will be given a context and a question. Answer the question with either ""Mary"" or ""Bill"".
Context: Mary ordered Bill to call home.

Q:  Who called home, Mary or Bill?
A: ","('You will be given a context and a question. Answer the question with either ""Mary"" or ""Bill"".\nContext: Mary ordered Bill to call home.\n\nQ:  Who called home, Mary or Bill?\nA: ', 'Mary')"
214,gpt3,object-control,Mary,Bill,True,ordered,to reply,Bill,other,"You will be given a context and a question. Answer the question with either ""Bill"" or ""Mary"".
Context: Mary ordered Bill to reply.

Q:  Who replied, Bill or Mary?
A: ","('You will be given a context and a question. Answer the question with either ""Bill"" or ""Mary"".\nContext: Mary ordered Bill to reply.\n\nQ:  Who replied, Bill or Mary?\nA: ', '\n')"
215,gpt3,object-control,Mary,Bill,False,ordered,to reply,Bill,other,"You will be given a context and a question. Answer the question with either ""Mary"" or ""Bill"".
Context: Mary ordered Bill to reply.

Q:  Who replied, Mary or Bill?
A: ","('You will be given a context and a question. Answer the question with either ""Mary"" or ""Bill"".\nContext: Mary ordered Bill to reply.\n\nQ:  Who replied, Mary or Bill?\nA: ', '\n')"
216,gpt3,object-control,Mary,Bill,True,ordered,to wipe the counter,Bill,Bill,"You will be given a context and a question. Answer the question with either ""Bill"" or ""Mary"".
Context: Mary ordered Bill to wipe the counter.

Q:  Who wiped the counter, Bill or Mary?
A: ","('You will be given a context and a question. Answer the question with either ""Bill"" or ""Mary"".\nContext: Mary ordered Bill to wipe the counter.\n\nQ:  Who wiped the counter, Bill or Mary?\nA: ', 'Bill')"
217,gpt3,object-control,Mary,Bill,False,ordered,to wipe the counter,Bill,Mary,"You will be given a context and a question. Answer the question with either ""Mary"" or ""Bill"".
Context: Mary ordered Bill to wipe the counter.

Q:  Who wiped the counter, Mary or Bill?
A: ","('You will be given a context and a question. Answer the question with either ""Mary"" or ""Bill"".\nContext: Mary ordered Bill to wipe the counter.\n\nQ:  Who wiped the counter, Mary or Bill?\nA: ', 'Mary')"
218,gpt3,object-control,Mary,Bill,True,ordered,to dance,Bill,Bill,"You will be given a context and a question. Answer the question with either ""Bill"" or ""Mary"".
Context: Mary ordered Bill to dance.

Q:  Who danced, Bill or Mary?
A: ","('You will be given a context and a question. Answer the question with either ""Bill"" or ""Mary"".\nContext: Mary ordered Bill to dance.\n\nQ:  Who danced, Bill or Mary?\nA: ', 'Bill')"
219,gpt3,object-control,Mary,Bill,False,ordered,to dance,Bill,Mary,"You will be given a context and a question. Answer the question with either ""Mary"" or ""Bill"".
Context: Mary ordered Bill to dance.

Q:  Who danced, Mary or Bill?
A: ","('You will be given a context and a question. Answer the question with either ""Mary"" or ""Bill"".\nContext: Mary ordered Bill to dance.\n\nQ:  Who danced, Mary or Bill?\nA: ', 'Mary')"
220,gpt3,object-control,Mary,Bill,True,called upon,to leave,Bill,Bill,"You will be given a context and a question. Answer the question with either ""Bill"" or ""Mary"".
Context: Mary called upon Bill to leave.

Q:  Who left, Bill or Mary?
A: ","('You will be given a context and a question. Answer the question with either ""Bill"" or ""Mary"".\nContext: Mary called upon Bill to leave.\n\nQ:  Who left, Bill or Mary?\nA: ', 'Bill')"
221,gpt3,object-control,Mary,Bill,False,called upon,to leave,Bill,Mary,"You will be given a context and a question. Answer the question with either ""Mary"" or ""Bill"".
Context: Mary called upon Bill to leave.

Q:  Who left, Mary or Bill?
A: ","('You will be given a context and a question. Answer the question with either ""Mary"" or ""Bill"".\nContext: Mary called upon Bill to leave.\n\nQ:  Who left, Mary or Bill?\nA: ', 'Mary')"
222,gpt3,object-control,Mary,Bill,True,called upon,to call home,Bill,Bill,"You will be given a context and a question. Answer the question with either ""Bill"" or ""Mary"".
Context: Mary called upon Bill to call home.

Q:  Who called home, Bill or Mary?
A: ","('You will be given a context and a question. Answer the question with either ""Bill"" or ""Mary"".\nContext: Mary called upon Bill to call home.\n\nQ:  Who called home, Bill or Mary?\nA: ', 'Bill')"
223,gpt3,object-control,Mary,Bill,False,called upon,to call home,Bill,Mary,"You will be given a context and a question. Answer the question with either ""Mary"" or ""Bill"".
Context: Mary called upon Bill to call home.

Q:  Who called home, Mary or Bill?
A: ","('You will be given a context and a question. Answer the question with either ""Mary"" or ""Bill"".\nContext: Mary called upon Bill to call home.\n\nQ:  Who called home, Mary or Bill?\nA: ', 'Mary')"
224,gpt3,object-control,Mary,Bill,True,called upon,to reply,Bill,other,"You will be given a context and a question. Answer the question with either ""Bill"" or ""Mary"".
Context: Mary called upon Bill to reply.

Q:  Who replied, Bill or Mary?
A: ","('You will be given a context and a question. Answer the question with either ""Bill"" or ""Mary"".\nContext: Mary called upon Bill to reply.\n\nQ:  Who replied, Bill or Mary?\nA: ', '\n')"
225,gpt3,object-control,Mary,Bill,False,called upon,to reply,Bill,other,"You will be given a context and a question. Answer the question with either ""Mary"" or ""Bill"".
Context: Mary called upon Bill to reply.

Q:  Who replied, Mary or Bill?
A: ","('You will be given a context and a question. Answer the question with either ""Mary"" or ""Bill"".\nContext: Mary called upon Bill to reply.\n\nQ:  Who replied, Mary or Bill?\nA: ', '\n')"
226,gpt3,object-control,Mary,Bill,True,called upon,to wipe the counter,Bill,Bill,"You will be given a context and a question. Answer the question with either ""Bill"" or ""Mary"".
Context: Mary called upon Bill to wipe the counter.

Q:  Who wiped the counter, Bill or Mary?
A: ","('You will be given a context and a question. Answer the question with either ""Bill"" or ""Mary"".\nContext: Mary called upon Bill to wipe the counter.\n\nQ:  Who wiped the counter, Bill or Mary?\nA: ', 'Bill')"
227,gpt3,object-control,Mary,Bill,False,called upon,to wipe the counter,Bill,Mary,"You will be given a context and a question. Answer the question with either ""Mary"" or ""Bill"".
Context: Mary called upon Bill to wipe the counter.

Q:  Who wiped the counter, Mary or Bill?
A: ","('You will be given a context and a question. Answer the question with either ""Mary"" or ""Bill"".\nContext: Mary called upon Bill to wipe the counter.\n\nQ:  Who wiped the counter, Mary or Bill?\nA: ', 'Mary')"
228,gpt3,object-control,Mary,Bill,True,called upon,to dance,Bill,Bill,"You will be given a context and a question. Answer the question with either ""Bill"" or ""Mary"".
Context: Mary called upon Bill to dance.

Q:  Who danced, Bill or Mary?
A: ","('You will be given a context and a question. Answer the question with either ""Bill"" or ""Mary"".\nContext: Mary called upon Bill to dance.\n\nQ:  Who danced, Bill or Mary?\nA: ', 'Bill')"
229,gpt3,object-control,Mary,Bill,False,called upon,to dance,Bill,other,"You will be given a context and a question. Answer the question with either ""Mary"" or ""Bill"".
Context: Mary called upon Bill to dance.

Q:  Who danced, Mary or Bill?
A: ","('You will be given a context and a question. Answer the question with either ""Mary"" or ""Bill"".\nContext: Mary called upon Bill to dance.\n\nQ:  Who danced, Mary or Bill?\nA: ', '\n')"
230,gpt3,object-control,Mary,Bill,True,reminded,to leave,Bill,Bill,"You will be given a context and a question. Answer the question with either ""Bill"" or ""Mary"".
Context: Mary reminded Bill to leave.

Q:  Who left, Bill or Mary?
A: ","('You will be given a context and a question. Answer the question with either ""Bill"" or ""Mary"".\nContext: Mary reminded Bill to leave.\n\nQ:  Who left, Bill or Mary?\nA: ', 'Bill')"
231,gpt3,object-control,Mary,Bill,False,reminded,to leave,Bill,Mary,"You will be given a context and a question. Answer the question with either ""Mary"" or ""Bill"".
Context: Mary reminded Bill to leave.

Q:  Who left, Mary or Bill?
A: ","('You will be given a context and a question. Answer the question with either ""Mary"" or ""Bill"".\nContext: Mary reminded Bill to leave.\n\nQ:  Who left, Mary or Bill?\nA: ', 'Mary')"
232,gpt3,object-control,Mary,Bill,True,reminded,to call home,Bill,Bill,"You will be given a context and a question. Answer the question with either ""Bill"" or ""Mary"".
Context: Mary reminded Bill to call home.

Q:  Who called home, Bill or Mary?
A: ","('You will be given a context and a question. Answer the question with either ""Bill"" or ""Mary"".\nContext: Mary reminded Bill to call home.\n\nQ:  Who called home, Bill or Mary?\nA: ', 'Bill')"
233,gpt3,object-control,Mary,Bill,False,reminded,to call home,Bill,Mary,"You will be given a context and a question. Answer the question with either ""Mary"" or ""Bill"".
Context: Mary reminded Bill to call home.

Q:  Who called home, Mary or Bill?
A: ","('You will be given a context and a question. Answer the question with either ""Mary"" or ""Bill"".\nContext: Mary reminded Bill to call home.\n\nQ:  Who called home, Mary or Bill?\nA: ', 'Mary')"
234,gpt3,object-control,Mary,Bill,True,reminded,to reply,Bill,Bill,"You will be given a context and a question. Answer the question with either ""Bill"" or ""Mary"".
Context: Mary reminded Bill to reply.

Q:  Who replied, Bill or Mary?
A: ","('You will be given a context and a question. Answer the question with either ""Bill"" or ""Mary"".\nContext: Mary reminded Bill to reply.\n\nQ:  Who replied, Bill or Mary?\nA: ', 'Bill')"
235,gpt3,object-control,Mary,Bill,False,reminded,to reply,Bill,other,"You will be given a context and a question. Answer the question with either ""Mary"" or ""Bill"".
Context: Mary reminded Bill to reply.

Q:  Who replied, Mary or Bill?
A: ","('You will be given a context and a question. Answer the question with either ""Mary"" or ""Bill"".\nContext: Mary reminded Bill to reply.\n\nQ:  Who replied, Mary or Bill?\nA: ', '\n')"
236,gpt3,object-control,Mary,Bill,True,reminded,to wipe the counter,Bill,Bill,"You will be given a context and a question. Answer the question with either ""Bill"" or ""Mary"".
Context: Mary reminded Bill to wipe the counter.

Q:  Who wiped the counter, Bill or Mary?
A: ","('You will be given a context and a question. Answer the question with either ""Bill"" or ""Mary"".\nContext: Mary reminded Bill to wipe the counter.\n\nQ:  Who wiped the counter, Bill or Mary?\nA: ', 'Bill')"
237,gpt3,object-control,Mary,Bill,False,reminded,to wipe the counter,Bill,Mary,"You will be given a context and a question. Answer the question with either ""Mary"" or ""Bill"".
Context: Mary reminded Bill to wipe the counter.

Q:  Who wiped the counter, Mary or Bill?
A: ","('You will be given a context and a question. Answer the question with either ""Mary"" or ""Bill"".\nContext: Mary reminded Bill to wipe the counter.\n\nQ:  Who wiped the counter, Mary or Bill?\nA: ', 'Mary')"
238,gpt3,object-control,Mary,Bill,True,reminded,to dance,Bill,Bill,"You will be given a context and a question. Answer the question with either ""Bill"" or ""Mary"".
Context: Mary reminded Bill to dance.

Q:  Who danced, Bill or Mary?
A: ","('You will be given a context and a question. Answer the question with either ""Bill"" or ""Mary"".\nContext: Mary reminded Bill to dance.\n\nQ:  Who danced, Bill or Mary?\nA: ', 'Bill')"
239,gpt3,object-control,Mary,Bill,False,reminded,to dance,Bill,Mary,"You will be given a context and a question. Answer the question with either ""Mary"" or ""Bill"".
Context: Mary reminded Bill to dance.

Q:  Who danced, Mary or Bill?
A: ","('You will be given a context and a question. Answer the question with either ""Mary"" or ""Bill"".\nContext: Mary reminded Bill to dance.\n\nQ:  Who danced, Mary or Bill?\nA: ', 'Mary')"
240,gpt3,object-control,Mary,Bill,True,urged,to leave,Bill,Bill,"You will be given a context and a question. Answer the question with either ""Bill"" or ""Mary"".
Context: Mary urged Bill to leave.

Q:  Who left, Bill or Mary?
A: ","('You will be given a context and a question. Answer the question with either ""Bill"" or ""Mary"".\nContext: Mary urged Bill to leave.\n\nQ:  Who left, Bill or Mary?\nA: ', 'Bill')"
241,gpt3,object-control,Mary,Bill,False,urged,to leave,Bill,Bill,"You will be given a context and a question. Answer the question with either ""Mary"" or ""Bill"".
Context: Mary urged Bill to leave.

Q:  Who left, Mary or Bill?
A: ","('You will be given a context and a question. Answer the question with either ""Mary"" or ""Bill"".\nContext: Mary urged Bill to leave.\n\nQ:  Who left, Mary or Bill?\nA: ', 'Bill')"
242,gpt3,object-control,Mary,Bill,True,urged,to call home,Bill,Bill,"You will be given a context and a question. Answer the question with either ""Bill"" or ""Mary"".
Context: Mary urged Bill to call home.

Q:  Who called home, Bill or Mary?
A: ","('You will be given a context and a question. Answer the question with either ""Bill"" or ""Mary"".\nContext: Mary urged Bill to call home.\n\nQ:  Who called home, Bill or Mary?\nA: ', 'Bill')"
243,gpt3,object-control,Mary,Bill,False,urged,to call home,Bill,Mary,"You will be given a context and a question. Answer the question with either ""Mary"" or ""Bill"".
Context: Mary urged Bill to call home.

Q:  Who called home, Mary or Bill?
A: ","('You will be given a context and a question. Answer the question with either ""Mary"" or ""Bill"".\nContext: Mary urged Bill to call home.\n\nQ:  Who called home, Mary or Bill?\nA: ', 'Mary')"
244,gpt3,object-control,Mary,Bill,True,urged,to reply,Bill,Bill,"You will be given a context and a question. Answer the question with either ""Bill"" or ""Mary"".
Context: Mary urged Bill to reply.

Q:  Who replied, Bill or Mary?
A: ","('You will be given a context and a question. Answer the question with either ""Bill"" or ""Mary"".\nContext: Mary urged Bill to reply.\n\nQ:  Who replied, Bill or Mary?\nA: ', 'Bill')"
245,gpt3,object-control,Mary,Bill,False,urged,to reply,Bill,Mary,"You will be given a context and a question. Answer the question with either ""Mary"" or ""Bill"".
Context: Mary urged Bill to reply.

Q:  Who replied, Mary or Bill?
A: ","('You will be given a context and a question. Answer the question with either ""Mary"" or ""Bill"".\nContext: Mary urged Bill to reply.\n\nQ:  Who replied, Mary or Bill?\nA: ', 'Mary')"
246,gpt3,object-control,Mary,Bill,True,urged,to wipe the counter,Bill,Bill,"You will be given a context and a question. Answer the question with either ""Bill"" or ""Mary"".
Context: Mary urged Bill to wipe the counter.

Q:  Who wiped the counter, Bill or Mary?
A: ","('You will be given a context and a question. Answer the question with either ""Bill"" or ""Mary"".\nContext: Mary urged Bill to wipe the counter.\n\nQ:  Who wiped the counter, Bill or Mary?\nA: ', 'Bill')"
247,gpt3,object-control,Mary,Bill,False,urged,to wipe the counter,Bill,Mary,"You will be given a context and a question. Answer the question with either ""Mary"" or ""Bill"".
Context: Mary urged Bill to wipe the counter.

Q:  Who wiped the counter, Mary or Bill?
A: ","('You will be given a context and a question. Answer the question with either ""Mary"" or ""Bill"".\nContext: Mary urged Bill to wipe the counter.\n\nQ:  Who wiped the counter, Mary or Bill?\nA: ', 'Mary')"
248,gpt3,object-control,Mary,Bill,True,urged,to dance,Bill,Bill,"You will be given a context and a question. Answer the question with either ""Bill"" or ""Mary"".
Context: Mary urged Bill to dance.

Q:  Who danced, Bill or Mary?
A: ","('You will be given a context and a question. Answer the question with either ""Bill"" or ""Mary"".\nContext: Mary urged Bill to dance.\n\nQ:  Who danced, Bill or Mary?\nA: ', 'Bill')"
249,gpt3,object-control,Mary,Bill,False,urged,to dance,Bill,Mary,"You will be given a context and a question. Answer the question with either ""Mary"" or ""Bill"".
Context: Mary urged Bill to dance.

Q:  Who danced, Mary or Bill?
A: ","('You will be given a context and a question. Answer the question with either ""Mary"" or ""Bill"".\nContext: Mary urged Bill to dance.\n\nQ:  Who danced, Mary or Bill?\nA: ', 'Mary')"
250,gpt3,object-control,Mary,Bill,True,asked,to leave,Bill,Bill,"You will be given a context and a question. Answer the question with either ""Bill"" or ""Mary"".
Context: Mary asked Bill to leave.

Q:  Who left, Bill or Mary?
A: ","('You will be given a context and a question. Answer the question with either ""Bill"" or ""Mary"".\nContext: Mary asked Bill to leave.\n\nQ:  Who left, Bill or Mary?\nA: ', 'Bill')"
251,gpt3,object-control,Mary,Bill,False,asked,to leave,Bill,Mary,"You will be given a context and a question. Answer the question with either ""Mary"" or ""Bill"".
Context: Mary asked Bill to leave.

Q:  Who left, Mary or Bill?
A: ","('You will be given a context and a question. Answer the question with either ""Mary"" or ""Bill"".\nContext: Mary asked Bill to leave.\n\nQ:  Who left, Mary or Bill?\nA: ', 'Mary')"
252,gpt3,object-control,Mary,Bill,True,asked,to call home,Bill,Bill,"You will be given a context and a question. Answer the question with either ""Bill"" or ""Mary"".
Context: Mary asked Bill to call home.

Q:  Who called home, Bill or Mary?
A: ","('You will be given a context and a question. Answer the question with either ""Bill"" or ""Mary"".\nContext: Mary asked Bill to call home.\n\nQ:  Who called home, Bill or Mary?\nA: ', 'Bill')"
253,gpt3,object-control,Mary,Bill,False,asked,to call home,Bill,Mary,"You will be given a context and a question. Answer the question with either ""Mary"" or ""Bill"".
Context: Mary asked Bill to call home.

Q:  Who called home, Mary or Bill?
A: ","('You will be given a context and a question. Answer the question with either ""Mary"" or ""Bill"".\nContext: Mary asked Bill to call home.\n\nQ:  Who called home, Mary or Bill?\nA: ', 'Mary')"
254,gpt3,object-control,Mary,Bill,True,asked,to reply,Bill,other,"You will be given a context and a question. Answer the question with either ""Bill"" or ""Mary"".
Context: Mary asked Bill to reply.

Q:  Who replied, Bill or Mary?
A: ","('You will be given a context and a question. Answer the question with either ""Bill"" or ""Mary"".\nContext: Mary asked Bill to reply.\n\nQ:  Who replied, Bill or Mary?\nA: ', '\n')"
255,gpt3,object-control,Mary,Bill,False,asked,to reply,Bill,Mary,"You will be given a context and a question. Answer the question with either ""Mary"" or ""Bill"".
Context: Mary asked Bill to reply.

Q:  Who replied, Mary or Bill?
A: ","('You will be given a context and a question. Answer the question with either ""Mary"" or ""Bill"".\nContext: Mary asked Bill to reply.\n\nQ:  Who replied, Mary or Bill?\nA: ', 'Mary')"
256,gpt3,object-control,Mary,Bill,True,asked,to wipe the counter,Bill,Bill,"You will be given a context and a question. Answer the question with either ""Bill"" or ""Mary"".
Context: Mary asked Bill to wipe the counter.

Q:  Who wiped the counter, Bill or Mary?
A: ","('You will be given a context and a question. Answer the question with either ""Bill"" or ""Mary"".\nContext: Mary asked Bill to wipe the counter.\n\nQ:  Who wiped the counter, Bill or Mary?\nA: ', 'Bill')"
257,gpt3,object-control,Mary,Bill,False,asked,to wipe the counter,Bill,Mary,"You will be given a context and a question. Answer the question with either ""Mary"" or ""Bill"".
Context: Mary asked Bill to wipe the counter.

Q:  Who wiped the counter, Mary or Bill?
A: ","('You will be given a context and a question. Answer the question with either ""Mary"" or ""Bill"".\nContext: Mary asked Bill to wipe the counter.\n\nQ:  Who wiped the counter, Mary or Bill?\nA: ', 'Mary')"
258,gpt3,object-control,Mary,Bill,True,asked,to dance,Bill,Bill,"You will be given a context and a question. Answer the question with either ""Bill"" or ""Mary"".
Context: Mary asked Bill to dance.

Q:  Who danced, Bill or Mary?
A: ","('You will be given a context and a question. Answer the question with either ""Bill"" or ""Mary"".\nContext: Mary asked Bill to dance.\n\nQ:  Who danced, Bill or Mary?\nA: ', 'Bill')"
259,gpt3,object-control,Mary,Bill,False,asked,to dance,Bill,Mary,"You will be given a context and a question. Answer the question with either ""Mary"" or ""Bill"".
Context: Mary asked Bill to dance.

Q:  Who danced, Mary or Bill?
A: ","('You will be given a context and a question. Answer the question with either ""Mary"" or ""Bill"".\nContext: Mary asked Bill to dance.\n\nQ:  Who danced, Mary or Bill?\nA: ', 'Mary')"
260,gpt3,object-control,Mary,Bill,True,persuaded,to leave,Bill,Bill,"You will be given a context and a question. Answer the question with either ""Bill"" or ""Mary"".
Context: Mary persuaded Bill to leave.

Q:  Who left, Bill or Mary?
A: ","('You will be given a context and a question. Answer the question with either ""Bill"" or ""Mary"".\nContext: Mary persuaded Bill to leave.\n\nQ:  Who left, Bill or Mary?\nA: ', 'Bill')"
261,gpt3,object-control,Mary,Bill,False,persuaded,to leave,Bill,Mary,"You will be given a context and a question. Answer the question with either ""Mary"" or ""Bill"".
Context: Mary persuaded Bill to leave.

Q:  Who left, Mary or Bill?
A: ","('You will be given a context and a question. Answer the question with either ""Mary"" or ""Bill"".\nContext: Mary persuaded Bill to leave.\n\nQ:  Who left, Mary or Bill?\nA: ', 'Mary')"
262,gpt3,object-control,Mary,Bill,True,persuaded,to call home,Bill,Bill,"You will be given a context and a question. Answer the question with either ""Bill"" or ""Mary"".
Context: Mary persuaded Bill to call home.

Q:  Who called home, Bill or Mary?
A: ","('You will be given a context and a question. Answer the question with either ""Bill"" or ""Mary"".\nContext: Mary persuaded Bill to call home.\n\nQ:  Who called home, Bill or Mary?\nA: ', 'Bill')"
263,gpt3,object-control,Mary,Bill,False,persuaded,to call home,Bill,Mary,"You will be given a context and a question. Answer the question with either ""Mary"" or ""Bill"".
Context: Mary persuaded Bill to call home.

Q:  Who called home, Mary or Bill?
A: ","('You will be given a context and a question. Answer the question with either ""Mary"" or ""Bill"".\nContext: Mary persuaded Bill to call home.\n\nQ:  Who called home, Mary or Bill?\nA: ', 'Mary')"
264,gpt3,object-control,Mary,Bill,True,persuaded,to reply,Bill,Bill,"You will be given a context and a question. Answer the question with either ""Bill"" or ""Mary"".
Context: Mary persuaded Bill to reply.

Q:  Who replied, Bill or Mary?
A: ","('You will be given a context and a question. Answer the question with either ""Bill"" or ""Mary"".\nContext: Mary persuaded Bill to reply.\n\nQ:  Who replied, Bill or Mary?\nA: ', 'Bill')"
265,gpt3,object-control,Mary,Bill,False,persuaded,to reply,Bill,Mary,"You will be given a context and a question. Answer the question with either ""Mary"" or ""Bill"".
Context: Mary persuaded Bill to reply.

Q:  Who replied, Mary or Bill?
A: ","('You will be given a context and a question. Answer the question with either ""Mary"" or ""Bill"".\nContext: Mary persuaded Bill to reply.\n\nQ:  Who replied, Mary or Bill?\nA: ', 'Mary')"
266,gpt3,object-control,Mary,Bill,True,persuaded,to wipe the counter,Bill,Bill,"You will be given a context and a question. Answer the question with either ""Bill"" or ""Mary"".
Context: Mary persuaded Bill to wipe the counter.

Q:  Who wiped the counter, Bill or Mary?
A: ","('You will be given a context and a question. Answer the question with either ""Bill"" or ""Mary"".\nContext: Mary persuaded Bill to wipe the counter.\n\nQ:  Who wiped the counter, Bill or Mary?\nA: ', 'Bill')"
267,gpt3,object-control,Mary,Bill,False,persuaded,to wipe the counter,Bill,Mary,"You will be given a context and a question. Answer the question with either ""Mary"" or ""Bill"".
Context: Mary persuaded Bill to wipe the counter.

Q:  Who wiped the counter, Mary or Bill?
A: ","('You will be given a context and a question. Answer the question with either ""Mary"" or ""Bill"".\nContext: Mary persuaded Bill to wipe the counter.\n\nQ:  Who wiped the counter, Mary or Bill?\nA: ', 'Mary')"
268,gpt3,object-control,Mary,Bill,True,persuaded,to dance,Bill,Bill,"You will be given a context and a question. Answer the question with either ""Bill"" or ""Mary"".
Context: Mary persuaded Bill to dance.

Q:  Who danced, Bill or Mary?
A: ","('You will be given a context and a question. Answer the question with either ""Bill"" or ""Mary"".\nContext: Mary persuaded Bill to dance.\n\nQ:  Who danced, Bill or Mary?\nA: ', 'Bill')"
269,gpt3,object-control,Mary,Bill,False,persuaded,to dance,Bill,Mary,"You will be given a context and a question. Answer the question with either ""Mary"" or ""Bill"".
Context: Mary persuaded Bill to dance.

Q:  Who danced, Mary or Bill?
A: ","('You will be given a context and a question. Answer the question with either ""Mary"" or ""Bill"".\nContext: Mary persuaded Bill to dance.\n\nQ:  Who danced, Mary or Bill?\nA: ', 'Mary')"
270,gpt3,object-control,Mary,Bill,True,convinced,to leave,Bill,Bill,"You will be given a context and a question. Answer the question with either ""Bill"" or ""Mary"".
Context: Mary convinced Bill to leave.

Q:  Who left, Bill or Mary?
A: ","('You will be given a context and a question. Answer the question with either ""Bill"" or ""Mary"".\nContext: Mary convinced Bill to leave.\n\nQ:  Who left, Bill or Mary?\nA: ', 'Bill')"
271,gpt3,object-control,Mary,Bill,False,convinced,to leave,Bill,Mary,"You will be given a context and a question. Answer the question with either ""Mary"" or ""Bill"".
Context: Mary convinced Bill to leave.

Q:  Who left, Mary or Bill?
A: ","('You will be given a context and a question. Answer the question with either ""Mary"" or ""Bill"".\nContext: Mary convinced Bill to leave.\n\nQ:  Who left, Mary or Bill?\nA: ', 'Mary')"
272,gpt3,object-control,Mary,Bill,True,convinced,to call home,Bill,Bill,"You will be given a context and a question. Answer the question with either ""Bill"" or ""Mary"".
Context: Mary convinced Bill to call home.

Q:  Who called home, Bill or Mary?
A: ","('You will be given a context and a question. Answer the question with either ""Bill"" or ""Mary"".\nContext: Mary convinced Bill to call home.\n\nQ:  Who called home, Bill or Mary?\nA: ', 'Bill')"
273,gpt3,object-control,Mary,Bill,False,convinced,to call home,Bill,Mary,"You will be given a context and a question. Answer the question with either ""Mary"" or ""Bill"".
Context: Mary convinced Bill to call home.

Q:  Who called home, Mary or Bill?
A: ","('You will be given a context and a question. Answer the question with either ""Mary"" or ""Bill"".\nContext: Mary convinced Bill to call home.\n\nQ:  Who called home, Mary or Bill?\nA: ', 'Mary')"
274,gpt3,object-control,Mary,Bill,True,convinced,to reply,Bill,Bill,"You will be given a context and a question. Answer the question with either ""Bill"" or ""Mary"".
Context: Mary convinced Bill to reply.

Q:  Who replied, Bill or Mary?
A: ","('You will be given a context and a question. Answer the question with either ""Bill"" or ""Mary"".\nContext: Mary convinced Bill to reply.\n\nQ:  Who replied, Bill or Mary?\nA: ', 'Bill')"
275,gpt3,object-control,Mary,Bill,False,convinced,to reply,Bill,Mary,"You will be given a context and a question. Answer the question with either ""Mary"" or ""Bill"".
Context: Mary convinced Bill to reply.

Q:  Who replied, Mary or Bill?
A: ","('You will be given a context and a question. Answer the question with either ""Mary"" or ""Bill"".\nContext: Mary convinced Bill to reply.\n\nQ:  Who replied, Mary or Bill?\nA: ', 'Mary')"
276,gpt3,object-control,Mary,Bill,True,convinced,to wipe the counter,Bill,Bill,"You will be given a context and a question. Answer the question with either ""Bill"" or ""Mary"".
Context: Mary convinced Bill to wipe the counter.

Q:  Who wiped the counter, Bill or Mary?
A: ","('You will be given a context and a question. Answer the question with either ""Bill"" or ""Mary"".\nContext: Mary convinced Bill to wipe the counter.\n\nQ:  Who wiped the counter, Bill or Mary?\nA: ', 'Bill')"
277,gpt3,object-control,Mary,Bill,False,convinced,to wipe the counter,Bill,Mary,"You will be given a context and a question. Answer the question with either ""Mary"" or ""Bill"".
Context: Mary convinced Bill to wipe the counter.

Q:  Who wiped the counter, Mary or Bill?
A: ","('You will be given a context and a question. Answer the question with either ""Mary"" or ""Bill"".\nContext: Mary convinced Bill to wipe the counter.\n\nQ:  Who wiped the counter, Mary or Bill?\nA: ', 'Mary')"
278,gpt3,object-control,Mary,Bill,True,convinced,to dance,Bill,Bill,"You will be given a context and a question. Answer the question with either ""Bill"" or ""Mary"".
Context: Mary convinced Bill to dance.

Q:  Who danced, Bill or Mary?
A: ","('You will be given a context and a question. Answer the question with either ""Bill"" or ""Mary"".\nContext: Mary convinced Bill to dance.\n\nQ:  Who danced, Bill or Mary?\nA: ', 'Bill')"
279,gpt3,object-control,Mary,Bill,False,convinced,to dance,Bill,Mary,"You will be given a context and a question. Answer the question with either ""Mary"" or ""Bill"".
Context: Mary convinced Bill to dance.

Q:  Who danced, Mary or Bill?
A: ","('You will be given a context and a question. Answer the question with either ""Mary"" or ""Bill"".\nContext: Mary convinced Bill to dance.\n\nQ:  Who danced, Mary or Bill?\nA: ', 'Mary')"
280,gpt3,object-control,Mary,Bill,True,forced,to leave,Bill,Bill,"You will be given a context and a question. Answer the question with either ""Bill"" or ""Mary"".
Context: Mary forced Bill to leave.

Q:  Who left, Bill or Mary?
A: ","('You will be given a context and a question. Answer the question with either ""Bill"" or ""Mary"".\nContext: Mary forced Bill to leave.\n\nQ:  Who left, Bill or Mary?\nA: ', 'Bill')"
281,gpt3,object-control,Mary,Bill,False,forced,to leave,Bill,Mary,"You will be given a context and a question. Answer the question with either ""Mary"" or ""Bill"".
Context: Mary forced Bill to leave.

Q:  Who left, Mary or Bill?
A: ","('You will be given a context and a question. Answer the question with either ""Mary"" or ""Bill"".\nContext: Mary forced Bill to leave.\n\nQ:  Who left, Mary or Bill?\nA: ', 'Mary')"
282,gpt3,object-control,Mary,Bill,True,forced,to call home,Bill,Bill,"You will be given a context and a question. Answer the question with either ""Bill"" or ""Mary"".
Context: Mary forced Bill to call home.

Q:  Who called home, Bill or Mary?
A: ","('You will be given a context and a question. Answer the question with either ""Bill"" or ""Mary"".\nContext: Mary forced Bill to call home.\n\nQ:  Who called home, Bill or Mary?\nA: ', 'Bill')"
283,gpt3,object-control,Mary,Bill,False,forced,to call home,Bill,Mary,"You will be given a context and a question. Answer the question with either ""Mary"" or ""Bill"".
Context: Mary forced Bill to call home.

Q:  Who called home, Mary or Bill?
A: ","('You will be given a context and a question. Answer the question with either ""Mary"" or ""Bill"".\nContext: Mary forced Bill to call home.\n\nQ:  Who called home, Mary or Bill?\nA: ', 'Mary')"
284,gpt3,object-control,Mary,Bill,True,forced,to reply,Bill,Bill,"You will be given a context and a question. Answer the question with either ""Bill"" or ""Mary"".
Context: Mary forced Bill to reply.

Q:  Who replied, Bill or Mary?
A: ","('You will be given a context and a question. Answer the question with either ""Bill"" or ""Mary"".\nContext: Mary forced Bill to reply.\n\nQ:  Who replied, Bill or Mary?\nA: ', 'Bill')"
285,gpt3,object-control,Mary,Bill,False,forced,to reply,Bill,other,"You will be given a context and a question. Answer the question with either ""Mary"" or ""Bill"".
Context: Mary forced Bill to reply.

Q:  Who replied, Mary or Bill?
A: ","('You will be given a context and a question. Answer the question with either ""Mary"" or ""Bill"".\nContext: Mary forced Bill to reply.\n\nQ:  Who replied, Mary or Bill?\nA: ', '\n')"
286,gpt3,object-control,Mary,Bill,True,forced,to wipe the counter,Bill,Bill,"You will be given a context and a question. Answer the question with either ""Bill"" or ""Mary"".
Context: Mary forced Bill to wipe the counter.

Q:  Who wiped the counter, Bill or Mary?
A: ","('You will be given a context and a question. Answer the question with either ""Bill"" or ""Mary"".\nContext: Mary forced Bill to wipe the counter.\n\nQ:  Who wiped the counter, Bill or Mary?\nA: ', 'Bill')"
287,gpt3,object-control,Mary,Bill,False,forced,to wipe the counter,Bill,Mary,"You will be given a context and a question. Answer the question with either ""Mary"" or ""Bill"".
Context: Mary forced Bill to wipe the counter.

Q:  Who wiped the counter, Mary or Bill?
A: ","('You will be given a context and a question. Answer the question with either ""Mary"" or ""Bill"".\nContext: Mary forced Bill to wipe the counter.\n\nQ:  Who wiped the counter, Mary or Bill?\nA: ', 'Mary')"
288,gpt3,object-control,Mary,Bill,True,forced,to dance,Bill,Bill,"You will be given a context and a question. Answer the question with either ""Bill"" or ""Mary"".
Context: Mary forced Bill to dance.

Q:  Who danced, Bill or Mary?
A: ","('You will be given a context and a question. Answer the question with either ""Bill"" or ""Mary"".\nContext: Mary forced Bill to dance.\n\nQ:  Who danced, Bill or Mary?\nA: ', 'Bill')"
289,gpt3,object-control,Mary,Bill,False,forced,to dance,Bill,Mary,"You will be given a context and a question. Answer the question with either ""Mary"" or ""Bill"".
Context: Mary forced Bill to dance.

Q:  Who danced, Mary or Bill?
A: ","('You will be given a context and a question. Answer the question with either ""Mary"" or ""Bill"".\nContext: Mary forced Bill to dance.\n\nQ:  Who danced, Mary or Bill?\nA: ', 'Mary')"
290,gpt3,object-control,Mary,Bill,True,pushed,to leave,Bill,Bill,"You will be given a context and a question. Answer the question with either ""Bill"" or ""Mary"".
Context: Mary pushed Bill to leave.

Q:  Who left, Bill or Mary?
A: ","('You will be given a context and a question. Answer the question with either ""Bill"" or ""Mary"".\nContext: Mary pushed Bill to leave.\n\nQ:  Who left, Bill or Mary?\nA: ', 'Bill')"
291,gpt3,object-control,Mary,Bill,False,pushed,to leave,Bill,Mary,"You will be given a context and a question. Answer the question with either ""Mary"" or ""Bill"".
Context: Mary pushed Bill to leave.

Q:  Who left, Mary or Bill?
A: ","('You will be given a context and a question. Answer the question with either ""Mary"" or ""Bill"".\nContext: Mary pushed Bill to leave.\n\nQ:  Who left, Mary or Bill?\nA: ', 'Mary')"
292,gpt3,object-control,Mary,Bill,True,pushed,to call home,Bill,Bill,"You will be given a context and a question. Answer the question with either ""Bill"" or ""Mary"".
Context: Mary pushed Bill to call home.

Q:  Who called home, Bill or Mary?
A: ","('You will be given a context and a question. Answer the question with either ""Bill"" or ""Mary"".\nContext: Mary pushed Bill to call home.\n\nQ:  Who called home, Bill or Mary?\nA: ', 'Bill')"
293,gpt3,object-control,Mary,Bill,False,pushed,to call home,Bill,Mary,"You will be given a context and a question. Answer the question with either ""Mary"" or ""Bill"".
Context: Mary pushed Bill to call home.

Q:  Who called home, Mary or Bill?
A: ","('You will be given a context and a question. Answer the question with either ""Mary"" or ""Bill"".\nContext: Mary pushed Bill to call home.\n\nQ:  Who called home, Mary or Bill?\nA: ', 'Mary')"
294,gpt3,object-control,Mary,Bill,True,pushed,to reply,Bill,Bill,"You will be given a context and a question. Answer the question with either ""Bill"" or ""Mary"".
Context: Mary pushed Bill to reply.

Q:  Who replied, Bill or Mary?
A: ","('You will be given a context and a question. Answer the question with either ""Bill"" or ""Mary"".\nContext: Mary pushed Bill to reply.\n\nQ:  Who replied, Bill or Mary?\nA: ', 'Bill')"
295,gpt3,object-control,Mary,Bill,False,pushed,to reply,Bill,Mary,"You will be given a context and a question. Answer the question with either ""Mary"" or ""Bill"".
Context: Mary pushed Bill to reply.

Q:  Who replied, Mary or Bill?
A: ","('You will be given a context and a question. Answer the question with either ""Mary"" or ""Bill"".\nContext: Mary pushed Bill to reply.\n\nQ:  Who replied, Mary or Bill?\nA: ', 'Mary')"
296,gpt3,object-control,Mary,Bill,True,pushed,to wipe the counter,Bill,Bill,"You will be given a context and a question. Answer the question with either ""Bill"" or ""Mary"".
Context: Mary pushed Bill to wipe the counter.

Q:  Who wiped the counter, Bill or Mary?
A: ","('You will be given a context and a question. Answer the question with either ""Bill"" or ""Mary"".\nContext: Mary pushed Bill to wipe the counter.\n\nQ:  Who wiped the counter, Bill or Mary?\nA: ', 'Bill')"
297,gpt3,object-control,Mary,Bill,False,pushed,to wipe the counter,Bill,Mary,"You will be given a context and a question. Answer the question with either ""Mary"" or ""Bill"".
Context: Mary pushed Bill to wipe the counter.

Q:  Who wiped the counter, Mary or Bill?
A: ","('You will be given a context and a question. Answer the question with either ""Mary"" or ""Bill"".\nContext: Mary pushed Bill to wipe the counter.\n\nQ:  Who wiped the counter, Mary or Bill?\nA: ', 'Mary')"
298,gpt3,object-control,Mary,Bill,True,pushed,to dance,Bill,Bill,"You will be given a context and a question. Answer the question with either ""Bill"" or ""Mary"".
Context: Mary pushed Bill to dance.

Q:  Who danced, Bill or Mary?
A: ","('You will be given a context and a question. Answer the question with either ""Bill"" or ""Mary"".\nContext: Mary pushed Bill to dance.\n\nQ:  Who danced, Bill or Mary?\nA: ', 'Bill')"
299,gpt3,object-control,Mary,Bill,False,pushed,to dance,Bill,Mary,"You will be given a context and a question. Answer the question with either ""Mary"" or ""Bill"".
Context: Mary pushed Bill to dance.

Q:  Who danced, Mary or Bill?
A: ","('You will be given a context and a question. Answer the question with either ""Mary"" or ""Bill"".\nContext: Mary pushed Bill to dance.\n\nQ:  Who danced, Mary or Bill?\nA: ', 'Mary')"
300,gpt3,object-control,Ellen,Mary,True,told,to leave,Mary,Mary,"You will be given a context and a question. Answer the question with either ""Mary"" or ""Ellen"".
Context: Ellen told Mary to leave.

Q:  Who left, Mary or Ellen?
A: ","('You will be given a context and a question. Answer the question with either ""Mary"" or ""Ellen"".\nContext: Ellen told Mary to leave.\n\nQ:  Who left, Mary or Ellen?\nA: ', 'Mary')"
301,gpt3,object-control,Ellen,Mary,False,told,to leave,Mary,Mary,"You will be given a context and a question. Answer the question with either ""Ellen"" or ""Mary"".
Context: Ellen told Mary to leave.

Q:  Who left, Ellen or Mary?
A: ","('You will be given a context and a question. Answer the question with either ""Ellen"" or ""Mary"".\nContext: Ellen told Mary to leave.\n\nQ:  Who left, Ellen or Mary?\nA: ', 'Mary')"
302,gpt3,object-control,Ellen,Mary,True,told,to call home,Mary,Mary,"You will be given a context and a question. Answer the question with either ""Mary"" or ""Ellen"".
Context: Ellen told Mary to call home.

Q:  Who called home, Mary or Ellen?
A: ","('You will be given a context and a question. Answer the question with either ""Mary"" or ""Ellen"".\nContext: Ellen told Mary to call home.\n\nQ:  Who called home, Mary or Ellen?\nA: ', 'Mary')"
303,gpt3,object-control,Ellen,Mary,False,told,to call home,Mary,Mary,"You will be given a context and a question. Answer the question with either ""Ellen"" or ""Mary"".
Context: Ellen told Mary to call home.

Q:  Who called home, Ellen or Mary?
A: ","('You will be given a context and a question. Answer the question with either ""Ellen"" or ""Mary"".\nContext: Ellen told Mary to call home.\n\nQ:  Who called home, Ellen or Mary?\nA: ', 'Mary')"
304,gpt3,object-control,Ellen,Mary,True,told,to reply,Mary,other,"You will be given a context and a question. Answer the question with either ""Mary"" or ""Ellen"".
Context: Ellen told Mary to reply.

Q:  Who replied, Mary or Ellen?
A: ","('You will be given a context and a question. Answer the question with either ""Mary"" or ""Ellen"".\nContext: Ellen told Mary to reply.\n\nQ:  Who replied, Mary or Ellen?\nA: ', '\n')"
305,gpt3,object-control,Ellen,Mary,False,told,to reply,Mary,Mary,"You will be given a context and a question. Answer the question with either ""Ellen"" or ""Mary"".
Context: Ellen told Mary to reply.

Q:  Who replied, Ellen or Mary?
A: ","('You will be given a context and a question. Answer the question with either ""Ellen"" or ""Mary"".\nContext: Ellen told Mary to reply.\n\nQ:  Who replied, Ellen or Mary?\nA: ', 'Mary')"
306,gpt3,object-control,Ellen,Mary,True,told,to wipe the counter,Mary,Mary,"You will be given a context and a question. Answer the question with either ""Mary"" or ""Ellen"".
Context: Ellen told Mary to wipe the counter.

Q:  Who wiped the counter, Mary or Ellen?
A: ","('You will be given a context and a question. Answer the question with either ""Mary"" or ""Ellen"".\nContext: Ellen told Mary to wipe the counter.\n\nQ:  Who wiped the counter, Mary or Ellen?\nA: ', 'Mary')"
307,gpt3,object-control,Ellen,Mary,False,told,to wipe the counter,Mary,other,"You will be given a context and a question. Answer the question with either ""Ellen"" or ""Mary"".
Context: Ellen told Mary to wipe the counter.

Q:  Who wiped the counter, Ellen or Mary?
A: ","('You will be given a context and a question. Answer the question with either ""Ellen"" or ""Mary"".\nContext: Ellen told Mary to wipe the counter.\n\nQ:  Who wiped the counter, Ellen or Mary?\nA: ', '_')"
308,gpt3,object-control,Ellen,Mary,True,told,to dance,Mary,Mary,"You will be given a context and a question. Answer the question with either ""Mary"" or ""Ellen"".
Context: Ellen told Mary to dance.

Q:  Who danced, Mary or Ellen?
A: ","('You will be given a context and a question. Answer the question with either ""Mary"" or ""Ellen"".\nContext: Ellen told Mary to dance.\n\nQ:  Who danced, Mary or Ellen?\nA: ', 'Mary')"
309,gpt3,object-control,Ellen,Mary,False,told,to dance,Mary,Mary,"You will be given a context and a question. Answer the question with either ""Ellen"" or ""Mary"".
Context: Ellen told Mary to dance.

Q:  Who danced, Ellen or Mary?
A: ","('You will be given a context and a question. Answer the question with either ""Ellen"" or ""Mary"".\nContext: Ellen told Mary to dance.\n\nQ:  Who danced, Ellen or Mary?\nA: ', 'Mary')"
310,gpt3,object-control,Ellen,Mary,True,ordered,to leave,Mary,Mary,"You will be given a context and a question. Answer the question with either ""Mary"" or ""Ellen"".
Context: Ellen ordered Mary to leave.

Q:  Who left, Mary or Ellen?
A: ","('You will be given a context and a question. Answer the question with either ""Mary"" or ""Ellen"".\nContext: Ellen ordered Mary to leave.\n\nQ:  Who left, Mary or Ellen?\nA: ', 'Mary')"
311,gpt3,object-control,Ellen,Mary,False,ordered,to leave,Mary,Mary,"You will be given a context and a question. Answer the question with either ""Ellen"" or ""Mary"".
Context: Ellen ordered Mary to leave.

Q:  Who left, Ellen or Mary?
A: ","('You will be given a context and a question. Answer the question with either ""Ellen"" or ""Mary"".\nContext: Ellen ordered Mary to leave.\n\nQ:  Who left, Ellen or Mary?\nA: ', 'Mary')"
312,gpt3,object-control,Ellen,Mary,True,ordered,to call home,Mary,other,"You will be given a context and a question. Answer the question with either ""Mary"" or ""Ellen"".
Context: Ellen ordered Mary to call home.

Q:  Who called home, Mary or Ellen?
A: ","('You will be given a context and a question. Answer the question with either ""Mary"" or ""Ellen"".\nContext: Ellen ordered Mary to call home.\n\nQ:  Who called home, Mary or Ellen?\nA: ', '\n')"
313,gpt3,object-control,Ellen,Mary,False,ordered,to call home,Mary,Mary,"You will be given a context and a question. Answer the question with either ""Ellen"" or ""Mary"".
Context: Ellen ordered Mary to call home.

Q:  Who called home, Ellen or Mary?
A: ","('You will be given a context and a question. Answer the question with either ""Ellen"" or ""Mary"".\nContext: Ellen ordered Mary to call home.\n\nQ:  Who called home, Ellen or Mary?\nA: ', 'Mary')"
314,gpt3,object-control,Ellen,Mary,True,ordered,to reply,Mary,other,"You will be given a context and a question. Answer the question with either ""Mary"" or ""Ellen"".
Context: Ellen ordered Mary to reply.

Q:  Who replied, Mary or Ellen?
A: ","('You will be given a context and a question. Answer the question with either ""Mary"" or ""Ellen"".\nContext: Ellen ordered Mary to reply.\n\nQ:  Who replied, Mary or Ellen?\nA: ', '\n')"
315,gpt3,object-control,Ellen,Mary,False,ordered,to reply,Mary,Mary,"You will be given a context and a question. Answer the question with either ""Ellen"" or ""Mary"".
Context: Ellen ordered Mary to reply.

Q:  Who replied, Ellen or Mary?
A: ","('You will be given a context and a question. Answer the question with either ""Ellen"" or ""Mary"".\nContext: Ellen ordered Mary to reply.\n\nQ:  Who replied, Ellen or Mary?\nA: ', 'Mary')"
316,gpt3,object-control,Ellen,Mary,True,ordered,to wipe the counter,Mary,Mary,"You will be given a context and a question. Answer the question with either ""Mary"" or ""Ellen"".
Context: Ellen ordered Mary to wipe the counter.

Q:  Who wiped the counter, Mary or Ellen?
A: ","('You will be given a context and a question. Answer the question with either ""Mary"" or ""Ellen"".\nContext: Ellen ordered Mary to wipe the counter.\n\nQ:  Who wiped the counter, Mary or Ellen?\nA: ', 'Mary')"
317,gpt3,object-control,Ellen,Mary,False,ordered,to wipe the counter,Mary,Mary,"You will be given a context and a question. Answer the question with either ""Ellen"" or ""Mary"".
Context: Ellen ordered Mary to wipe the counter.

Q:  Who wiped the counter, Ellen or Mary?
A: ","('You will be given a context and a question. Answer the question with either ""Ellen"" or ""Mary"".\nContext: Ellen ordered Mary to wipe the counter.\n\nQ:  Who wiped the counter, Ellen or Mary?\nA: ', 'Mary')"
318,gpt3,object-control,Ellen,Mary,True,ordered,to dance,Mary,Mary,"You will be given a context and a question. Answer the question with either ""Mary"" or ""Ellen"".
Context: Ellen ordered Mary to dance.

Q:  Who danced, Mary or Ellen?
A: ","('You will be given a context and a question. Answer the question with either ""Mary"" or ""Ellen"".\nContext: Ellen ordered Mary to dance.\n\nQ:  Who danced, Mary or Ellen?\nA: ', 'Mary')"
319,gpt3,object-control,Ellen,Mary,False,ordered,to dance,Mary,Mary,"You will be given a context and a question. Answer the question with either ""Ellen"" or ""Mary"".
Context: Ellen ordered Mary to dance.

Q:  Who danced, Ellen or Mary?
A: ","('You will be given a context and a question. Answer the question with either ""Ellen"" or ""Mary"".\nContext: Ellen ordered Mary to dance.\n\nQ:  Who danced, Ellen or Mary?\nA: ', 'Mary')"
320,gpt3,object-control,Ellen,Mary,True,called upon,to leave,Mary,Mary,"You will be given a context and a question. Answer the question with either ""Mary"" or ""Ellen"".
Context: Ellen called upon Mary to leave.

Q:  Who left, Mary or Ellen?
A: ","('You will be given a context and a question. Answer the question with either ""Mary"" or ""Ellen"".\nContext: Ellen called upon Mary to leave.\n\nQ:  Who left, Mary or Ellen?\nA: ', 'Mary')"
321,gpt3,object-control,Ellen,Mary,False,called upon,to leave,Mary,Mary,"You will be given a context and a question. Answer the question with either ""Ellen"" or ""Mary"".
Context: Ellen called upon Mary to leave.

Q:  Who left, Ellen or Mary?
A: ","('You will be given a context and a question. Answer the question with either ""Ellen"" or ""Mary"".\nContext: Ellen called upon Mary to leave.\n\nQ:  Who left, Ellen or Mary?\nA: ', 'Mary')"
322,gpt3,object-control,Ellen,Mary,True,called upon,to call home,Mary,Mary,"You will be given a context and a question. Answer the question with either ""Mary"" or ""Ellen"".
Context: Ellen called upon Mary to call home.

Q:  Who called home, Mary or Ellen?
A: ","('You will be given a context and a question. Answer the question with either ""Mary"" or ""Ellen"".\nContext: Ellen called upon Mary to call home.\n\nQ:  Who called home, Mary or Ellen?\nA: ', 'Mary')"
323,gpt3,object-control,Ellen,Mary,False,called upon,to call home,Mary,Mary,"You will be given a context and a question. Answer the question with either ""Ellen"" or ""Mary"".
Context: Ellen called upon Mary to call home.

Q:  Who called home, Ellen or Mary?
A: ","('You will be given a context and a question. Answer the question with either ""Ellen"" or ""Mary"".\nContext: Ellen called upon Mary to call home.\n\nQ:  Who called home, Ellen or Mary?\nA: ', 'Mary')"
324,gpt3,object-control,Ellen,Mary,True,called upon,to reply,Mary,other,"You will be given a context and a question. Answer the question with either ""Mary"" or ""Ellen"".
Context: Ellen called upon Mary to reply.

Q:  Who replied, Mary or Ellen?
A: ","('You will be given a context and a question. Answer the question with either ""Mary"" or ""Ellen"".\nContext: Ellen called upon Mary to reply.\n\nQ:  Who replied, Mary or Ellen?\nA: ', '\n')"
325,gpt3,object-control,Ellen,Mary,False,called upon,to reply,Mary,other,"You will be given a context and a question. Answer the question with either ""Ellen"" or ""Mary"".
Context: Ellen called upon Mary to reply.

Q:  Who replied, Ellen or Mary?
A: ","('You will be given a context and a question. Answer the question with either ""Ellen"" or ""Mary"".\nContext: Ellen called upon Mary to reply.\n\nQ:  Who replied, Ellen or Mary?\nA: ', '\n')"
326,gpt3,object-control,Ellen,Mary,True,called upon,to wipe the counter,Mary,Mary,"You will be given a context and a question. Answer the question with either ""Mary"" or ""Ellen"".
Context: Ellen called upon Mary to wipe the counter.

Q:  Who wiped the counter, Mary or Ellen?
A: ","('You will be given a context and a question. Answer the question with either ""Mary"" or ""Ellen"".\nContext: Ellen called upon Mary to wipe the counter.\n\nQ:  Who wiped the counter, Mary or Ellen?\nA: ', 'Mary')"
327,gpt3,object-control,Ellen,Mary,False,called upon,to wipe the counter,Mary,Mary,"You will be given a context and a question. Answer the question with either ""Ellen"" or ""Mary"".
Context: Ellen called upon Mary to wipe the counter.

Q:  Who wiped the counter, Ellen or Mary?
A: ","('You will be given a context and a question. Answer the question with either ""Ellen"" or ""Mary"".\nContext: Ellen called upon Mary to wipe the counter.\n\nQ:  Who wiped the counter, Ellen or Mary?\nA: ', 'Mary')"
328,gpt3,object-control,Ellen,Mary,True,called upon,to dance,Mary,other,"You will be given a context and a question. Answer the question with either ""Mary"" or ""Ellen"".
Context: Ellen called upon Mary to dance.

Q:  Who danced, Mary or Ellen?
A: ","('You will be given a context and a question. Answer the question with either ""Mary"" or ""Ellen"".\nContext: Ellen called upon Mary to dance.\n\nQ:  Who danced, Mary or Ellen?\nA: ', '\n')"
329,gpt3,object-control,Ellen,Mary,False,called upon,to dance,Mary,other,"You will be given a context and a question. Answer the question with either ""Ellen"" or ""Mary"".
Context: Ellen called upon Mary to dance.

Q:  Who danced, Ellen or Mary?
A: ","('You will be given a context and a question. Answer the question with either ""Ellen"" or ""Mary"".\nContext: Ellen called upon Mary to dance.\n\nQ:  Who danced, Ellen or Mary?\nA: ', '\n')"
330,gpt3,object-control,Ellen,Mary,True,reminded,to leave,Mary,Mary,"You will be given a context and a question. Answer the question with either ""Mary"" or ""Ellen"".
Context: Ellen reminded Mary to leave.

Q:  Who left, Mary or Ellen?
A: ","('You will be given a context and a question. Answer the question with either ""Mary"" or ""Ellen"".\nContext: Ellen reminded Mary to leave.\n\nQ:  Who left, Mary or Ellen?\nA: ', 'Mary')"
331,gpt3,object-control,Ellen,Mary,False,reminded,to leave,Mary,Mary,"You will be given a context and a question. Answer the question with either ""Ellen"" or ""Mary"".
Context: Ellen reminded Mary to leave.

Q:  Who left, Ellen or Mary?
A: ","('You will be given a context and a question. Answer the question with either ""Ellen"" or ""Mary"".\nContext: Ellen reminded Mary to leave.\n\nQ:  Who left, Ellen or Mary?\nA: ', 'Mary')"
332,gpt3,object-control,Ellen,Mary,True,reminded,to call home,Mary,Mary,"You will be given a context and a question. Answer the question with either ""Mary"" or ""Ellen"".
Context: Ellen reminded Mary to call home.

Q:  Who called home, Mary or Ellen?
A: ","('You will be given a context and a question. Answer the question with either ""Mary"" or ""Ellen"".\nContext: Ellen reminded Mary to call home.\n\nQ:  Who called home, Mary or Ellen?\nA: ', 'Mary')"
333,gpt3,object-control,Ellen,Mary,False,reminded,to call home,Mary,Mary,"You will be given a context and a question. Answer the question with either ""Ellen"" or ""Mary"".
Context: Ellen reminded Mary to call home.

Q:  Who called home, Ellen or Mary?
A: ","('You will be given a context and a question. Answer the question with either ""Ellen"" or ""Mary"".\nContext: Ellen reminded Mary to call home.\n\nQ:  Who called home, Ellen or Mary?\nA: ', 'Mary')"
334,gpt3,object-control,Ellen,Mary,True,reminded,to reply,Mary,Mary,"You will be given a context and a question. Answer the question with either ""Mary"" or ""Ellen"".
Context: Ellen reminded Mary to reply.

Q:  Who replied, Mary or Ellen?
A: ","('You will be given a context and a question. Answer the question with either ""Mary"" or ""Ellen"".\nContext: Ellen reminded Mary to reply.\n\nQ:  Who replied, Mary or Ellen?\nA: ', 'Mary')"
335,gpt3,object-control,Ellen,Mary,False,reminded,to reply,Mary,Mary,"You will be given a context and a question. Answer the question with either ""Ellen"" or ""Mary"".
Context: Ellen reminded Mary to reply.

Q:  Who replied, Ellen or Mary?
A: ","('You will be given a context and a question. Answer the question with either ""Ellen"" or ""Mary"".\nContext: Ellen reminded Mary to reply.\n\nQ:  Who replied, Ellen or Mary?\nA: ', 'Mary')"
336,gpt3,object-control,Ellen,Mary,True,reminded,to wipe the counter,Mary,Mary,"You will be given a context and a question. Answer the question with either ""Mary"" or ""Ellen"".
Context: Ellen reminded Mary to wipe the counter.

Q:  Who wiped the counter, Mary or Ellen?
A: ","('You will be given a context and a question. Answer the question with either ""Mary"" or ""Ellen"".\nContext: Ellen reminded Mary to wipe the counter.\n\nQ:  Who wiped the counter, Mary or Ellen?\nA: ', 'Mary')"
337,gpt3,object-control,Ellen,Mary,False,reminded,to wipe the counter,Mary,Mary,"You will be given a context and a question. Answer the question with either ""Ellen"" or ""Mary"".
Context: Ellen reminded Mary to wipe the counter.

Q:  Who wiped the counter, Ellen or Mary?
A: ","('You will be given a context and a question. Answer the question with either ""Ellen"" or ""Mary"".\nContext: Ellen reminded Mary to wipe the counter.\n\nQ:  Who wiped the counter, Ellen or Mary?\nA: ', 'Mary')"
338,gpt3,object-control,Ellen,Mary,True,reminded,to dance,Mary,Mary,"You will be given a context and a question. Answer the question with either ""Mary"" or ""Ellen"".
Context: Ellen reminded Mary to dance.

Q:  Who danced, Mary or Ellen?
A: ","('You will be given a context and a question. Answer the question with either ""Mary"" or ""Ellen"".\nContext: Ellen reminded Mary to dance.\n\nQ:  Who danced, Mary or Ellen?\nA: ', 'Mary')"
339,gpt3,object-control,Ellen,Mary,False,reminded,to dance,Mary,Mary,"You will be given a context and a question. Answer the question with either ""Ellen"" or ""Mary"".
Context: Ellen reminded Mary to dance.

Q:  Who danced, Ellen or Mary?
A: ","('You will be given a context and a question. Answer the question with either ""Ellen"" or ""Mary"".\nContext: Ellen reminded Mary to dance.\n\nQ:  Who danced, Ellen or Mary?\nA: ', 'Mary')"
340,gpt3,object-control,Ellen,Mary,True,urged,to leave,Mary,Mary,"You will be given a context and a question. Answer the question with either ""Mary"" or ""Ellen"".
Context: Ellen urged Mary to leave.

Q:  Who left, Mary or Ellen?
A: ","('You will be given a context and a question. Answer the question with either ""Mary"" or ""Ellen"".\nContext: Ellen urged Mary to leave.\n\nQ:  Who left, Mary or Ellen?\nA: ', 'Mary')"
341,gpt3,object-control,Ellen,Mary,False,urged,to leave,Mary,Mary,"You will be given a context and a question. Answer the question with either ""Ellen"" or ""Mary"".
Context: Ellen urged Mary to leave.

Q:  Who left, Ellen or Mary?
A: ","('You will be given a context and a question. Answer the question with either ""Ellen"" or ""Mary"".\nContext: Ellen urged Mary to leave.\n\nQ:  Who left, Ellen or Mary?\nA: ', 'Mary')"
342,gpt3,object-control,Ellen,Mary,True,urged,to call home,Mary,Mary,"You will be given a context and a question. Answer the question with either ""Mary"" or ""Ellen"".
Context: Ellen urged Mary to call home.

Q:  Who called home, Mary or Ellen?
A: ","('You will be given a context and a question. Answer the question with either ""Mary"" or ""Ellen"".\nContext: Ellen urged Mary to call home.\n\nQ:  Who called home, Mary or Ellen?\nA: ', 'Mary')"
343,gpt3,object-control,Ellen,Mary,False,urged,to call home,Mary,Mary,"You will be given a context and a question. Answer the question with either ""Ellen"" or ""Mary"".
Context: Ellen urged Mary to call home.

Q:  Who called home, Ellen or Mary?
A: ","('You will be given a context and a question. Answer the question with either ""Ellen"" or ""Mary"".\nContext: Ellen urged Mary to call home.\n\nQ:  Who called home, Ellen or Mary?\nA: ', 'Mary')"
344,gpt3,object-control,Ellen,Mary,True,urged,to reply,Mary,other,"You will be given a context and a question. Answer the question with either ""Mary"" or ""Ellen"".
Context: Ellen urged Mary to reply.

Q:  Who replied, Mary or Ellen?
A: ","('You will be given a context and a question. Answer the question with either ""Mary"" or ""Ellen"".\nContext: Ellen urged Mary to reply.\n\nQ:  Who replied, Mary or Ellen?\nA: ', '\n')"
345,gpt3,object-control,Ellen,Mary,False,urged,to reply,Mary,Mary,"You will be given a context and a question. Answer the question with either ""Ellen"" or ""Mary"".
Context: Ellen urged Mary to reply.

Q:  Who replied, Ellen or Mary?
A: ","('You will be given a context and a question. Answer the question with either ""Ellen"" or ""Mary"".\nContext: Ellen urged Mary to reply.\n\nQ:  Who replied, Ellen or Mary?\nA: ', 'Mary')"
346,gpt3,object-control,Ellen,Mary,True,urged,to wipe the counter,Mary,Mary,"You will be given a context and a question. Answer the question with either ""Mary"" or ""Ellen"".
Context: Ellen urged Mary to wipe the counter.

Q:  Who wiped the counter, Mary or Ellen?
A: ","('You will be given a context and a question. Answer the question with either ""Mary"" or ""Ellen"".\nContext: Ellen urged Mary to wipe the counter.\n\nQ:  Who wiped the counter, Mary or Ellen?\nA: ', 'Mary')"
347,gpt3,object-control,Ellen,Mary,False,urged,to wipe the counter,Mary,Mary,"You will be given a context and a question. Answer the question with either ""Ellen"" or ""Mary"".
Context: Ellen urged Mary to wipe the counter.

Q:  Who wiped the counter, Ellen or Mary?
A: ","('You will be given a context and a question. Answer the question with either ""Ellen"" or ""Mary"".\nContext: Ellen urged Mary to wipe the counter.\n\nQ:  Who wiped the counter, Ellen or Mary?\nA: ', 'Mary')"
348,gpt3,object-control,Ellen,Mary,True,urged,to dance,Mary,Mary,"You will be given a context and a question. Answer the question with either ""Mary"" or ""Ellen"".
Context: Ellen urged Mary to dance.

Q:  Who danced, Mary or Ellen?
A: ","('You will be given a context and a question. Answer the question with either ""Mary"" or ""Ellen"".\nContext: Ellen urged Mary to dance.\n\nQ:  Who danced, Mary or Ellen?\nA: ', 'Mary')"
349,gpt3,object-control,Ellen,Mary,False,urged,to dance,Mary,Mary,"You will be given a context and a question. Answer the question with either ""Ellen"" or ""Mary"".
Context: Ellen urged Mary to dance.

Q:  Who danced, Ellen or Mary?
A: ","('You will be given a context and a question. Answer the question with either ""Ellen"" or ""Mary"".\nContext: Ellen urged Mary to dance.\n\nQ:  Who danced, Ellen or Mary?\nA: ', 'Mary')"
350,gpt3,object-control,Ellen,Mary,True,asked,to leave,Mary,Mary,"You will be given a context and a question. Answer the question with either ""Mary"" or ""Ellen"".
Context: Ellen asked Mary to leave.

Q:  Who left, Mary or Ellen?
A: ","('You will be given a context and a question. Answer the question with either ""Mary"" or ""Ellen"".\nContext: Ellen asked Mary to leave.\n\nQ:  Who left, Mary or Ellen?\nA: ', 'Mary')"
351,gpt3,object-control,Ellen,Mary,False,asked,to leave,Mary,Mary,"You will be given a context and a question. Answer the question with either ""Ellen"" or ""Mary"".
Context: Ellen asked Mary to leave.

Q:  Who left, Ellen or Mary?
A: ","('You will be given a context and a question. Answer the question with either ""Ellen"" or ""Mary"".\nContext: Ellen asked Mary to leave.\n\nQ:  Who left, Ellen or Mary?\nA: ', 'Mary')"
352,gpt3,object-control,Ellen,Mary,True,asked,to call home,Mary,Mary,"You will be given a context and a question. Answer the question with either ""Mary"" or ""Ellen"".
Context: Ellen asked Mary to call home.

Q:  Who called home, Mary or Ellen?
A: ","('You will be given a context and a question. Answer the question with either ""Mary"" or ""Ellen"".\nContext: Ellen asked Mary to call home.\n\nQ:  Who called home, Mary or Ellen?\nA: ', 'Mary')"
353,gpt3,object-control,Ellen,Mary,False,asked,to call home,Mary,Mary,"You will be given a context and a question. Answer the question with either ""Ellen"" or ""Mary"".
Context: Ellen asked Mary to call home.

Q:  Who called home, Ellen or Mary?
A: ","('You will be given a context and a question. Answer the question with either ""Ellen"" or ""Mary"".\nContext: Ellen asked Mary to call home.\n\nQ:  Who called home, Ellen or Mary?\nA: ', 'Mary')"
354,gpt3,object-control,Ellen,Mary,True,asked,to reply,Mary,Mary,"You will be given a context and a question. Answer the question with either ""Mary"" or ""Ellen"".
Context: Ellen asked Mary to reply.

Q:  Who replied, Mary or Ellen?
A: ","('You will be given a context and a question. Answer the question with either ""Mary"" or ""Ellen"".\nContext: Ellen asked Mary to reply.\n\nQ:  Who replied, Mary or Ellen?\nA: ', 'Mary')"
355,gpt3,object-control,Ellen,Mary,False,asked,to reply,Mary,Mary,"You will be given a context and a question. Answer the question with either ""Ellen"" or ""Mary"".
Context: Ellen asked Mary to reply.

Q:  Who replied, Ellen or Mary?
A: ","('You will be given a context and a question. Answer the question with either ""Ellen"" or ""Mary"".\nContext: Ellen asked Mary to reply.\n\nQ:  Who replied, Ellen or Mary?\nA: ', 'Mary')"
356,gpt3,object-control,Ellen,Mary,True,asked,to wipe the counter,Mary,Mary,"You will be given a context and a question. Answer the question with either ""Mary"" or ""Ellen"".
Context: Ellen asked Mary to wipe the counter.

Q:  Who wiped the counter, Mary or Ellen?
A: ","('You will be given a context and a question. Answer the question with either ""Mary"" or ""Ellen"".\nContext: Ellen asked Mary to wipe the counter.\n\nQ:  Who wiped the counter, Mary or Ellen?\nA: ', 'Mary')"
357,gpt3,object-control,Ellen,Mary,False,asked,to wipe the counter,Mary,other,"You will be given a context and a question. Answer the question with either ""Ellen"" or ""Mary"".
Context: Ellen asked Mary to wipe the counter.

Q:  Who wiped the counter, Ellen or Mary?
A: ","('You will be given a context and a question. Answer the question with either ""Ellen"" or ""Mary"".\nContext: Ellen asked Mary to wipe the counter.\n\nQ:  Who wiped the counter, Ellen or Mary?\nA: ', '_')"
358,gpt3,object-control,Ellen,Mary,True,asked,to dance,Mary,Mary,"You will be given a context and a question. Answer the question with either ""Mary"" or ""Ellen"".
Context: Ellen asked Mary to dance.

Q:  Who danced, Mary or Ellen?
A: ","('You will be given a context and a question. Answer the question with either ""Mary"" or ""Ellen"".\nContext: Ellen asked Mary to dance.\n\nQ:  Who danced, Mary or Ellen?\nA: ', 'Mary')"
359,gpt3,object-control,Ellen,Mary,False,asked,to dance,Mary,Mary,"You will be given a context and a question. Answer the question with either ""Ellen"" or ""Mary"".
Context: Ellen asked Mary to dance.

Q:  Who danced, Ellen or Mary?
A: ","('You will be given a context and a question. Answer the question with either ""Ellen"" or ""Mary"".\nContext: Ellen asked Mary to dance.\n\nQ:  Who danced, Ellen or Mary?\nA: ', 'Mary')"
360,gpt3,object-control,Ellen,Mary,True,persuaded,to leave,Mary,Mary,"You will be given a context and a question. Answer the question with either ""Mary"" or ""Ellen"".
Context: Ellen persuaded Mary to leave.

Q:  Who left, Mary or Ellen?
A: ","('You will be given a context and a question. Answer the question with either ""Mary"" or ""Ellen"".\nContext: Ellen persuaded Mary to leave.\n\nQ:  Who left, Mary or Ellen?\nA: ', 'Mary')"
361,gpt3,object-control,Ellen,Mary,False,persuaded,to leave,Mary,Mary,"You will be given a context and a question. Answer the question with either ""Ellen"" or ""Mary"".
Context: Ellen persuaded Mary to leave.

Q:  Who left, Ellen or Mary?
A: ","('You will be given a context and a question. Answer the question with either ""Ellen"" or ""Mary"".\nContext: Ellen persuaded Mary to leave.\n\nQ:  Who left, Ellen or Mary?\nA: ', 'Mary')"
362,gpt3,object-control,Ellen,Mary,True,persuaded,to call home,Mary,Mary,"You will be given a context and a question. Answer the question with either ""Mary"" or ""Ellen"".
Context: Ellen persuaded Mary to call home.

Q:  Who called home, Mary or Ellen?
A: ","('You will be given a context and a question. Answer the question with either ""Mary"" or ""Ellen"".\nContext: Ellen persuaded Mary to call home.\n\nQ:  Who called home, Mary or Ellen?\nA: ', 'Mary')"
363,gpt3,object-control,Ellen,Mary,False,persuaded,to call home,Mary,Mary,"You will be given a context and a question. Answer the question with either ""Ellen"" or ""Mary"".
Context: Ellen persuaded Mary to call home.

Q:  Who called home, Ellen or Mary?
A: ","('You will be given a context and a question. Answer the question with either ""Ellen"" or ""Mary"".\nContext: Ellen persuaded Mary to call home.\n\nQ:  Who called home, Ellen or Mary?\nA: ', 'Mary')"
364,gpt3,object-control,Ellen,Mary,True,persuaded,to reply,Mary,other,"You will be given a context and a question. Answer the question with either ""Mary"" or ""Ellen"".
Context: Ellen persuaded Mary to reply.

Q:  Who replied, Mary or Ellen?
A: ","('You will be given a context and a question. Answer the question with either ""Mary"" or ""Ellen"".\nContext: Ellen persuaded Mary to reply.\n\nQ:  Who replied, Mary or Ellen?\nA: ', '\n')"
365,gpt3,object-control,Ellen,Mary,False,persuaded,to reply,Mary,Mary,"You will be given a context and a question. Answer the question with either ""Ellen"" or ""Mary"".
Context: Ellen persuaded Mary to reply.

Q:  Who replied, Ellen or Mary?
A: ","('You will be given a context and a question. Answer the question with either ""Ellen"" or ""Mary"".\nContext: Ellen persuaded Mary to reply.\n\nQ:  Who replied, Ellen or Mary?\nA: ', 'Mary')"
366,gpt3,object-control,Ellen,Mary,True,persuaded,to wipe the counter,Mary,Mary,"You will be given a context and a question. Answer the question with either ""Mary"" or ""Ellen"".
Context: Ellen persuaded Mary to wipe the counter.

Q:  Who wiped the counter, Mary or Ellen?
A: ","('You will be given a context and a question. Answer the question with either ""Mary"" or ""Ellen"".\nContext: Ellen persuaded Mary to wipe the counter.\n\nQ:  Who wiped the counter, Mary or Ellen?\nA: ', 'Mary')"
367,gpt3,object-control,Ellen,Mary,False,persuaded,to wipe the counter,Mary,Mary,"You will be given a context and a question. Answer the question with either ""Ellen"" or ""Mary"".
Context: Ellen persuaded Mary to wipe the counter.

Q:  Who wiped the counter, Ellen or Mary?
A: ","('You will be given a context and a question. Answer the question with either ""Ellen"" or ""Mary"".\nContext: Ellen persuaded Mary to wipe the counter.\n\nQ:  Who wiped the counter, Ellen or Mary?\nA: ', 'Mary')"
368,gpt3,object-control,Ellen,Mary,True,persuaded,to dance,Mary,Mary,"You will be given a context and a question. Answer the question with either ""Mary"" or ""Ellen"".
Context: Ellen persuaded Mary to dance.

Q:  Who danced, Mary or Ellen?
A: ","('You will be given a context and a question. Answer the question with either ""Mary"" or ""Ellen"".\nContext: Ellen persuaded Mary to dance.\n\nQ:  Who danced, Mary or Ellen?\nA: ', 'Mary')"
369,gpt3,object-control,Ellen,Mary,False,persuaded,to dance,Mary,Mary,"You will be given a context and a question. Answer the question with either ""Ellen"" or ""Mary"".
Context: Ellen persuaded Mary to dance.

Q:  Who danced, Ellen or Mary?
A: ","('You will be given a context and a question. Answer the question with either ""Ellen"" or ""Mary"".\nContext: Ellen persuaded Mary to dance.\n\nQ:  Who danced, Ellen or Mary?\nA: ', 'Mary')"
370,gpt3,object-control,Ellen,Mary,True,convinced,to leave,Mary,Mary,"You will be given a context and a question. Answer the question with either ""Mary"" or ""Ellen"".
Context: Ellen convinced Mary to leave.

Q:  Who left, Mary or Ellen?
A: ","('You will be given a context and a question. Answer the question with either ""Mary"" or ""Ellen"".\nContext: Ellen convinced Mary to leave.\n\nQ:  Who left, Mary or Ellen?\nA: ', 'Mary')"
371,gpt3,object-control,Ellen,Mary,False,convinced,to leave,Mary,Mary,"You will be given a context and a question. Answer the question with either ""Ellen"" or ""Mary"".
Context: Ellen convinced Mary to leave.

Q:  Who left, Ellen or Mary?
A: ","('You will be given a context and a question. Answer the question with either ""Ellen"" or ""Mary"".\nContext: Ellen convinced Mary to leave.\n\nQ:  Who left, Ellen or Mary?\nA: ', 'Mary')"
372,gpt3,object-control,Ellen,Mary,True,convinced,to call home,Mary,Mary,"You will be given a context and a question. Answer the question with either ""Mary"" or ""Ellen"".
Context: Ellen convinced Mary to call home.

Q:  Who called home, Mary or Ellen?
A: ","('You will be given a context and a question. Answer the question with either ""Mary"" or ""Ellen"".\nContext: Ellen convinced Mary to call home.\n\nQ:  Who called home, Mary or Ellen?\nA: ', 'Mary')"
373,gpt3,object-control,Ellen,Mary,False,convinced,to call home,Mary,Mary,"You will be given a context and a question. Answer the question with either ""Ellen"" or ""Mary"".
Context: Ellen convinced Mary to call home.

Q:  Who called home, Ellen or Mary?
A: ","('You will be given a context and a question. Answer the question with either ""Ellen"" or ""Mary"".\nContext: Ellen convinced Mary to call home.\n\nQ:  Who called home, Ellen or Mary?\nA: ', 'Mary')"
374,gpt3,object-control,Ellen,Mary,True,convinced,to reply,Mary,Mary,"You will be given a context and a question. Answer the question with either ""Mary"" or ""Ellen"".
Context: Ellen convinced Mary to reply.

Q:  Who replied, Mary or Ellen?
A: ","('You will be given a context and a question. Answer the question with either ""Mary"" or ""Ellen"".\nContext: Ellen convinced Mary to reply.\n\nQ:  Who replied, Mary or Ellen?\nA: ', 'Mary')"
375,gpt3,object-control,Ellen,Mary,False,convinced,to reply,Mary,Mary,"You will be given a context and a question. Answer the question with either ""Ellen"" or ""Mary"".
Context: Ellen convinced Mary to reply.

Q:  Who replied, Ellen or Mary?
A: ","('You will be given a context and a question. Answer the question with either ""Ellen"" or ""Mary"".\nContext: Ellen convinced Mary to reply.\n\nQ:  Who replied, Ellen or Mary?\nA: ', 'Mary')"
376,gpt3,object-control,Ellen,Mary,True,convinced,to wipe the counter,Mary,Mary,"You will be given a context and a question. Answer the question with either ""Mary"" or ""Ellen"".
Context: Ellen convinced Mary to wipe the counter.

Q:  Who wiped the counter, Mary or Ellen?
A: ","('You will be given a context and a question. Answer the question with either ""Mary"" or ""Ellen"".\nContext: Ellen convinced Mary to wipe the counter.\n\nQ:  Who wiped the counter, Mary or Ellen?\nA: ', 'Mary')"
377,gpt3,object-control,Ellen,Mary,False,convinced,to wipe the counter,Mary,Mary,"You will be given a context and a question. Answer the question with either ""Ellen"" or ""Mary"".
Context: Ellen convinced Mary to wipe the counter.

Q:  Who wiped the counter, Ellen or Mary?
A: ","('You will be given a context and a question. Answer the question with either ""Ellen"" or ""Mary"".\nContext: Ellen convinced Mary to wipe the counter.\n\nQ:  Who wiped the counter, Ellen or Mary?\nA: ', 'Mary')"
378,gpt3,object-control,Ellen,Mary,True,convinced,to dance,Mary,Mary,"You will be given a context and a question. Answer the question with either ""Mary"" or ""Ellen"".
Context: Ellen convinced Mary to dance.

Q:  Who danced, Mary or Ellen?
A: ","('You will be given a context and a question. Answer the question with either ""Mary"" or ""Ellen"".\nContext: Ellen convinced Mary to dance.\n\nQ:  Who danced, Mary or Ellen?\nA: ', 'Mary')"
379,gpt3,object-control,Ellen,Mary,False,convinced,to dance,Mary,Mary,"You will be given a context and a question. Answer the question with either ""Ellen"" or ""Mary"".
Context: Ellen convinced Mary to dance.

Q:  Who danced, Ellen or Mary?
A: ","('You will be given a context and a question. Answer the question with either ""Ellen"" or ""Mary"".\nContext: Ellen convinced Mary to dance.\n\nQ:  Who danced, Ellen or Mary?\nA: ', 'Mary')"
380,gpt3,object-control,Ellen,Mary,True,forced,to leave,Mary,Mary,"You will be given a context and a question. Answer the question with either ""Mary"" or ""Ellen"".
Context: Ellen forced Mary to leave.

Q:  Who left, Mary or Ellen?
A: ","('You will be given a context and a question. Answer the question with either ""Mary"" or ""Ellen"".\nContext: Ellen forced Mary to leave.\n\nQ:  Who left, Mary or Ellen?\nA: ', 'Mary')"
381,gpt3,object-control,Ellen,Mary,False,forced,to leave,Mary,Mary,"You will be given a context and a question. Answer the question with either ""Ellen"" or ""Mary"".
Context: Ellen forced Mary to leave.

Q:  Who left, Ellen or Mary?
A: ","('You will be given a context and a question. Answer the question with either ""Ellen"" or ""Mary"".\nContext: Ellen forced Mary to leave.\n\nQ:  Who left, Ellen or Mary?\nA: ', 'Mary')"
382,gpt3,object-control,Ellen,Mary,True,forced,to call home,Mary,Mary,"You will be given a context and a question. Answer the question with either ""Mary"" or ""Ellen"".
Context: Ellen forced Mary to call home.

Q:  Who called home, Mary or Ellen?
A: ","('You will be given a context and a question. Answer the question with either ""Mary"" or ""Ellen"".\nContext: Ellen forced Mary to call home.\n\nQ:  Who called home, Mary or Ellen?\nA: ', 'Mary')"
383,gpt3,object-control,Ellen,Mary,False,forced,to call home,Mary,Mary,"You will be given a context and a question. Answer the question with either ""Ellen"" or ""Mary"".
Context: Ellen forced Mary to call home.

Q:  Who called home, Ellen or Mary?
A: ","('You will be given a context and a question. Answer the question with either ""Ellen"" or ""Mary"".\nContext: Ellen forced Mary to call home.\n\nQ:  Who called home, Ellen or Mary?\nA: ', 'Mary')"
384,gpt3,object-control,Ellen,Mary,True,forced,to reply,Mary,other,"You will be given a context and a question. Answer the question with either ""Mary"" or ""Ellen"".
Context: Ellen forced Mary to reply.

Q:  Who replied, Mary or Ellen?
A: ","('You will be given a context and a question. Answer the question with either ""Mary"" or ""Ellen"".\nContext: Ellen forced Mary to reply.\n\nQ:  Who replied, Mary or Ellen?\nA: ', '\n')"
385,gpt3,object-control,Ellen,Mary,False,forced,to reply,Mary,Mary,"You will be given a context and a question. Answer the question with either ""Ellen"" or ""Mary"".
Context: Ellen forced Mary to reply.

Q:  Who replied, Ellen or Mary?
A: ","('You will be given a context and a question. Answer the question with either ""Ellen"" or ""Mary"".\nContext: Ellen forced Mary to reply.\n\nQ:  Who replied, Ellen or Mary?\nA: ', 'Mary')"
386,gpt3,object-control,Ellen,Mary,True,forced,to wipe the counter,Mary,Mary,"You will be given a context and a question. Answer the question with either ""Mary"" or ""Ellen"".
Context: Ellen forced Mary to wipe the counter.

Q:  Who wiped the counter, Mary or Ellen?
A: ","('You will be given a context and a question. Answer the question with either ""Mary"" or ""Ellen"".\nContext: Ellen forced Mary to wipe the counter.\n\nQ:  Who wiped the counter, Mary or Ellen?\nA: ', 'Mary')"
387,gpt3,object-control,Ellen,Mary,False,forced,to wipe the counter,Mary,Mary,"You will be given a context and a question. Answer the question with either ""Ellen"" or ""Mary"".
Context: Ellen forced Mary to wipe the counter.

Q:  Who wiped the counter, Ellen or Mary?
A: ","('You will be given a context and a question. Answer the question with either ""Ellen"" or ""Mary"".\nContext: Ellen forced Mary to wipe the counter.\n\nQ:  Who wiped the counter, Ellen or Mary?\nA: ', 'Mary')"
388,gpt3,object-control,Ellen,Mary,True,forced,to dance,Mary,Mary,"You will be given a context and a question. Answer the question with either ""Mary"" or ""Ellen"".
Context: Ellen forced Mary to dance.

Q:  Who danced, Mary or Ellen?
A: ","('You will be given a context and a question. Answer the question with either ""Mary"" or ""Ellen"".\nContext: Ellen forced Mary to dance.\n\nQ:  Who danced, Mary or Ellen?\nA: ', 'Mary')"
389,gpt3,object-control,Ellen,Mary,False,forced,to dance,Mary,Mary,"You will be given a context and a question. Answer the question with either ""Ellen"" or ""Mary"".
Context: Ellen forced Mary to dance.

Q:  Who danced, Ellen or Mary?
A: ","('You will be given a context and a question. Answer the question with either ""Ellen"" or ""Mary"".\nContext: Ellen forced Mary to dance.\n\nQ:  Who danced, Ellen or Mary?\nA: ', 'Mary')"
390,gpt3,object-control,Ellen,Mary,True,pushed,to leave,Mary,Mary,"You will be given a context and a question. Answer the question with either ""Mary"" or ""Ellen"".
Context: Ellen pushed Mary to leave.

Q:  Who left, Mary or Ellen?
A: ","('You will be given a context and a question. Answer the question with either ""Mary"" or ""Ellen"".\nContext: Ellen pushed Mary to leave.\n\nQ:  Who left, Mary or Ellen?\nA: ', 'Mary')"
391,gpt3,object-control,Ellen,Mary,False,pushed,to leave,Mary,Mary,"You will be given a context and a question. Answer the question with either ""Ellen"" or ""Mary"".
Context: Ellen pushed Mary to leave.

Q:  Who left, Ellen or Mary?
A: ","('You will be given a context and a question. Answer the question with either ""Ellen"" or ""Mary"".\nContext: Ellen pushed Mary to leave.\n\nQ:  Who left, Ellen or Mary?\nA: ', 'Mary')"
392,gpt3,object-control,Ellen,Mary,True,pushed,to call home,Mary,Mary,"You will be given a context and a question. Answer the question with either ""Mary"" or ""Ellen"".
Context: Ellen pushed Mary to call home.

Q:  Who called home, Mary or Ellen?
A: ","('You will be given a context and a question. Answer the question with either ""Mary"" or ""Ellen"".\nContext: Ellen pushed Mary to call home.\n\nQ:  Who called home, Mary or Ellen?\nA: ', 'Mary')"
393,gpt3,object-control,Ellen,Mary,False,pushed,to call home,Mary,Mary,"You will be given a context and a question. Answer the question with either ""Ellen"" or ""Mary"".
Context: Ellen pushed Mary to call home.

Q:  Who called home, Ellen or Mary?
A: ","('You will be given a context and a question. Answer the question with either ""Ellen"" or ""Mary"".\nContext: Ellen pushed Mary to call home.\n\nQ:  Who called home, Ellen or Mary?\nA: ', 'Mary')"
394,gpt3,object-control,Ellen,Mary,True,pushed,to reply,Mary,Mary,"You will be given a context and a question. Answer the question with either ""Mary"" or ""Ellen"".
Context: Ellen pushed Mary to reply.

Q:  Who replied, Mary or Ellen?
A: ","('You will be given a context and a question. Answer the question with either ""Mary"" or ""Ellen"".\nContext: Ellen pushed Mary to reply.\n\nQ:  Who replied, Mary or Ellen?\nA: ', 'Mary')"
395,gpt3,object-control,Ellen,Mary,False,pushed,to reply,Mary,Mary,"You will be given a context and a question. Answer the question with either ""Ellen"" or ""Mary"".
Context: Ellen pushed Mary to reply.

Q:  Who replied, Ellen or Mary?
A: ","('You will be given a context and a question. Answer the question with either ""Ellen"" or ""Mary"".\nContext: Ellen pushed Mary to reply.\n\nQ:  Who replied, Ellen or Mary?\nA: ', 'Mary')"
396,gpt3,object-control,Ellen,Mary,True,pushed,to wipe the counter,Mary,Mary,"You will be given a context and a question. Answer the question with either ""Mary"" or ""Ellen"".
Context: Ellen pushed Mary to wipe the counter.

Q:  Who wiped the counter, Mary or Ellen?
A: ","('You will be given a context and a question. Answer the question with either ""Mary"" or ""Ellen"".\nContext: Ellen pushed Mary to wipe the counter.\n\nQ:  Who wiped the counter, Mary or Ellen?\nA: ', 'Mary')"
397,gpt3,object-control,Ellen,Mary,False,pushed,to wipe the counter,Mary,Mary,"You will be given a context and a question. Answer the question with either ""Ellen"" or ""Mary"".
Context: Ellen pushed Mary to wipe the counter.

Q:  Who wiped the counter, Ellen or Mary?
A: ","('You will be given a context and a question. Answer the question with either ""Ellen"" or ""Mary"".\nContext: Ellen pushed Mary to wipe the counter.\n\nQ:  Who wiped the counter, Ellen or Mary?\nA: ', 'Mary')"
398,gpt3,object-control,Ellen,Mary,True,pushed,to dance,Mary,Mary,"You will be given a context and a question. Answer the question with either ""Mary"" or ""Ellen"".
Context: Ellen pushed Mary to dance.

Q:  Who danced, Mary or Ellen?
A: ","('You will be given a context and a question. Answer the question with either ""Mary"" or ""Ellen"".\nContext: Ellen pushed Mary to dance.\n\nQ:  Who danced, Mary or Ellen?\nA: ', 'Mary')"
399,gpt3,object-control,Ellen,Mary,False,pushed,to dance,Mary,Mary,"You will be given a context and a question. Answer the question with either ""Ellen"" or ""Mary"".
Context: Ellen pushed Mary to dance.

Q:  Who danced, Ellen or Mary?
A: ","('You will be given a context and a question. Answer the question with either ""Ellen"" or ""Mary"".\nContext: Ellen pushed Mary to dance.\n\nQ:  Who danced, Ellen or Mary?\nA: ', 'Mary')"
400,gpt3,object-control,Morgan,Jaime,True,told,to leave,Jaime,other,"You will be given a context and a question. Answer the question with either ""Jaime"" or ""Morgan"".
Context: Morgan told Jaime to leave.

Q:  Who left, Jaime or Morgan?
A: ","('You will be given a context and a question. Answer the question with either ""Jaime"" or ""Morgan"".\nContext: Morgan told Jaime to leave.\n\nQ:  Who left, Jaime or Morgan?\nA: ', 'Ja')"
401,gpt3,object-control,Morgan,Jaime,False,told,to leave,Jaime,Morgan,"You will be given a context and a question. Answer the question with either ""Morgan"" or ""Jaime"".
Context: Morgan told Jaime to leave.

Q:  Who left, Morgan or Jaime?
A: ","('You will be given a context and a question. Answer the question with either ""Morgan"" or ""Jaime"".\nContext: Morgan told Jaime to leave.\n\nQ:  Who left, Morgan or Jaime?\nA: ', 'Morgan')"
402,gpt3,object-control,Morgan,Jaime,True,told,to call home,Jaime,other,"You will be given a context and a question. Answer the question with either ""Jaime"" or ""Morgan"".
Context: Morgan told Jaime to call home.

Q:  Who called home, Jaime or Morgan?
A: ","('You will be given a context and a question. Answer the question with either ""Jaime"" or ""Morgan"".\nContext: Morgan told Jaime to call home.\n\nQ:  Who called home, Jaime or Morgan?\nA: ', 'Ja')"
403,gpt3,object-control,Morgan,Jaime,False,told,to call home,Jaime,Morgan,"You will be given a context and a question. Answer the question with either ""Morgan"" or ""Jaime"".
Context: Morgan told Jaime to call home.

Q:  Who called home, Morgan or Jaime?
A: ","('You will be given a context and a question. Answer the question with either ""Morgan"" or ""Jaime"".\nContext: Morgan told Jaime to call home.\n\nQ:  Who called home, Morgan or Jaime?\nA: ', 'Morgan')"
404,gpt3,object-control,Morgan,Jaime,True,told,to reply,Jaime,other,"You will be given a context and a question. Answer the question with either ""Jaime"" or ""Morgan"".
Context: Morgan told Jaime to reply.

Q:  Who replied, Jaime or Morgan?
A: ","('You will be given a context and a question. Answer the question with either ""Jaime"" or ""Morgan"".\nContext: Morgan told Jaime to reply.\n\nQ:  Who replied, Jaime or Morgan?\nA: ', 'Ja')"
405,gpt3,object-control,Morgan,Jaime,False,told,to reply,Jaime,Morgan,"You will be given a context and a question. Answer the question with either ""Morgan"" or ""Jaime"".
Context: Morgan told Jaime to reply.

Q:  Who replied, Morgan or Jaime?
A: ","('You will be given a context and a question. Answer the question with either ""Morgan"" or ""Jaime"".\nContext: Morgan told Jaime to reply.\n\nQ:  Who replied, Morgan or Jaime?\nA: ', 'Morgan')"
406,gpt3,object-control,Morgan,Jaime,True,told,to wipe the counter,Jaime,other,"You will be given a context and a question. Answer the question with either ""Jaime"" or ""Morgan"".
Context: Morgan told Jaime to wipe the counter.

Q:  Who wiped the counter, Jaime or Morgan?
A: ","('You will be given a context and a question. Answer the question with either ""Jaime"" or ""Morgan"".\nContext: Morgan told Jaime to wipe the counter.\n\nQ:  Who wiped the counter, Jaime or Morgan?\nA: ', 'Ja')"
407,gpt3,object-control,Morgan,Jaime,False,told,to wipe the counter,Jaime,Morgan,"You will be given a context and a question. Answer the question with either ""Morgan"" or ""Jaime"".
Context: Morgan told Jaime to wipe the counter.

Q:  Who wiped the counter, Morgan or Jaime?
A: ","('You will be given a context and a question. Answer the question with either ""Morgan"" or ""Jaime"".\nContext: Morgan told Jaime to wipe the counter.\n\nQ:  Who wiped the counter, Morgan or Jaime?\nA: ', 'Morgan')"
408,gpt3,object-control,Morgan,Jaime,True,told,to dance,Jaime,other,"You will be given a context and a question. Answer the question with either ""Jaime"" or ""Morgan"".
Context: Morgan told Jaime to dance.

Q:  Who danced, Jaime or Morgan?
A: ","('You will be given a context and a question. Answer the question with either ""Jaime"" or ""Morgan"".\nContext: Morgan told Jaime to dance.\n\nQ:  Who danced, Jaime or Morgan?\nA: ', 'Ja')"
409,gpt3,object-control,Morgan,Jaime,False,told,to dance,Jaime,Morgan,"You will be given a context and a question. Answer the question with either ""Morgan"" or ""Jaime"".
Context: Morgan told Jaime to dance.

Q:  Who danced, Morgan or Jaime?
A: ","('You will be given a context and a question. Answer the question with either ""Morgan"" or ""Jaime"".\nContext: Morgan told Jaime to dance.\n\nQ:  Who danced, Morgan or Jaime?\nA: ', 'Morgan')"
410,gpt3,object-control,Morgan,Jaime,True,ordered,to leave,Jaime,other,"You will be given a context and a question. Answer the question with either ""Jaime"" or ""Morgan"".
Context: Morgan ordered Jaime to leave.

Q:  Who left, Jaime or Morgan?
A: ","('You will be given a context and a question. Answer the question with either ""Jaime"" or ""Morgan"".\nContext: Morgan ordered Jaime to leave.\n\nQ:  Who left, Jaime or Morgan?\nA: ', 'Ja')"
411,gpt3,object-control,Morgan,Jaime,False,ordered,to leave,Jaime,Morgan,"You will be given a context and a question. Answer the question with either ""Morgan"" or ""Jaime"".
Context: Morgan ordered Jaime to leave.

Q:  Who left, Morgan or Jaime?
A: ","('You will be given a context and a question. Answer the question with either ""Morgan"" or ""Jaime"".\nContext: Morgan ordered Jaime to leave.\n\nQ:  Who left, Morgan or Jaime?\nA: ', 'Morgan')"
412,gpt3,object-control,Morgan,Jaime,True,ordered,to call home,Jaime,other,"You will be given a context and a question. Answer the question with either ""Jaime"" or ""Morgan"".
Context: Morgan ordered Jaime to call home.

Q:  Who called home, Jaime or Morgan?
A: ","('You will be given a context and a question. Answer the question with either ""Jaime"" or ""Morgan"".\nContext: Morgan ordered Jaime to call home.\n\nQ:  Who called home, Jaime or Morgan?\nA: ', 'Ja')"
413,gpt3,object-control,Morgan,Jaime,False,ordered,to call home,Jaime,Morgan,"You will be given a context and a question. Answer the question with either ""Morgan"" or ""Jaime"".
Context: Morgan ordered Jaime to call home.

Q:  Who called home, Morgan or Jaime?
A: ","('You will be given a context and a question. Answer the question with either ""Morgan"" or ""Jaime"".\nContext: Morgan ordered Jaime to call home.\n\nQ:  Who called home, Morgan or Jaime?\nA: ', 'Morgan')"
414,gpt3,object-control,Morgan,Jaime,True,ordered,to reply,Jaime,other,"You will be given a context and a question. Answer the question with either ""Jaime"" or ""Morgan"".
Context: Morgan ordered Jaime to reply.

Q:  Who replied, Jaime or Morgan?
A: ","('You will be given a context and a question. Answer the question with either ""Jaime"" or ""Morgan"".\nContext: Morgan ordered Jaime to reply.\n\nQ:  Who replied, Jaime or Morgan?\nA: ', 'Ja')"
415,gpt3,object-control,Morgan,Jaime,False,ordered,to reply,Jaime,Morgan,"You will be given a context and a question. Answer the question with either ""Morgan"" or ""Jaime"".
Context: Morgan ordered Jaime to reply.

Q:  Who replied, Morgan or Jaime?
A: ","('You will be given a context and a question. Answer the question with either ""Morgan"" or ""Jaime"".\nContext: Morgan ordered Jaime to reply.\n\nQ:  Who replied, Morgan or Jaime?\nA: ', 'Morgan')"
416,gpt3,object-control,Morgan,Jaime,True,ordered,to wipe the counter,Jaime,other,"You will be given a context and a question. Answer the question with either ""Jaime"" or ""Morgan"".
Context: Morgan ordered Jaime to wipe the counter.

Q:  Who wiped the counter, Jaime or Morgan?
A: ","('You will be given a context and a question. Answer the question with either ""Jaime"" or ""Morgan"".\nContext: Morgan ordered Jaime to wipe the counter.\n\nQ:  Who wiped the counter, Jaime or Morgan?\nA: ', 'Ja')"
417,gpt3,object-control,Morgan,Jaime,False,ordered,to wipe the counter,Jaime,other,"You will be given a context and a question. Answer the question with either ""Morgan"" or ""Jaime"".
Context: Morgan ordered Jaime to wipe the counter.

Q:  Who wiped the counter, Morgan or Jaime?
A: ","('You will be given a context and a question. Answer the question with either ""Morgan"" or ""Jaime"".\nContext: Morgan ordered Jaime to wipe the counter.\n\nQ:  Who wiped the counter, Morgan or Jaime?\nA: ', '_')"
418,gpt3,object-control,Morgan,Jaime,True,ordered,to dance,Jaime,other,"You will be given a context and a question. Answer the question with either ""Jaime"" or ""Morgan"".
Context: Morgan ordered Jaime to dance.

Q:  Who danced, Jaime or Morgan?
A: ","('You will be given a context and a question. Answer the question with either ""Jaime"" or ""Morgan"".\nContext: Morgan ordered Jaime to dance.\n\nQ:  Who danced, Jaime or Morgan?\nA: ', 'Ja')"
419,gpt3,object-control,Morgan,Jaime,False,ordered,to dance,Jaime,Morgan,"You will be given a context and a question. Answer the question with either ""Morgan"" or ""Jaime"".
Context: Morgan ordered Jaime to dance.

Q:  Who danced, Morgan or Jaime?
A: ","('You will be given a context and a question. Answer the question with either ""Morgan"" or ""Jaime"".\nContext: Morgan ordered Jaime to dance.\n\nQ:  Who danced, Morgan or Jaime?\nA: ', 'Morgan')"
420,gpt3,object-control,Morgan,Jaime,True,called upon,to leave,Jaime,other,"You will be given a context and a question. Answer the question with either ""Jaime"" or ""Morgan"".
Context: Morgan called upon Jaime to leave.

Q:  Who left, Jaime or Morgan?
A: ","('You will be given a context and a question. Answer the question with either ""Jaime"" or ""Morgan"".\nContext: Morgan called upon Jaime to leave.\n\nQ:  Who left, Jaime or Morgan?\nA: ', 'Ja')"
421,gpt3,object-control,Morgan,Jaime,False,called upon,to leave,Jaime,other,"You will be given a context and a question. Answer the question with either ""Morgan"" or ""Jaime"".
Context: Morgan called upon Jaime to leave.

Q:  Who left, Morgan or Jaime?
A: ","('You will be given a context and a question. Answer the question with either ""Morgan"" or ""Jaime"".\nContext: Morgan called upon Jaime to leave.\n\nQ:  Who left, Morgan or Jaime?\nA: ', 'Ja')"
422,gpt3,object-control,Morgan,Jaime,True,called upon,to call home,Jaime,other,"You will be given a context and a question. Answer the question with either ""Jaime"" or ""Morgan"".
Context: Morgan called upon Jaime to call home.

Q:  Who called home, Jaime or Morgan?
A: ","('You will be given a context and a question. Answer the question with either ""Jaime"" or ""Morgan"".\nContext: Morgan called upon Jaime to call home.\n\nQ:  Who called home, Jaime or Morgan?\nA: ', 'Ja')"
423,gpt3,object-control,Morgan,Jaime,False,called upon,to call home,Jaime,Morgan,"You will be given a context and a question. Answer the question with either ""Morgan"" or ""Jaime"".
Context: Morgan called upon Jaime to call home.

Q:  Who called home, Morgan or Jaime?
A: ","('You will be given a context and a question. Answer the question with either ""Morgan"" or ""Jaime"".\nContext: Morgan called upon Jaime to call home.\n\nQ:  Who called home, Morgan or Jaime?\nA: ', 'Morgan')"
424,gpt3,object-control,Morgan,Jaime,True,called upon,to reply,Jaime,other,"You will be given a context and a question. Answer the question with either ""Jaime"" or ""Morgan"".
Context: Morgan called upon Jaime to reply.

Q:  Who replied, Jaime or Morgan?
A: ","('You will be given a context and a question. Answer the question with either ""Jaime"" or ""Morgan"".\nContext: Morgan called upon Jaime to reply.\n\nQ:  Who replied, Jaime or Morgan?\nA: ', 'Ja')"
425,gpt3,object-control,Morgan,Jaime,False,called upon,to reply,Jaime,other,"You will be given a context and a question. Answer the question with either ""Morgan"" or ""Jaime"".
Context: Morgan called upon Jaime to reply.

Q:  Who replied, Morgan or Jaime?
A: ","('You will be given a context and a question. Answer the question with either ""Morgan"" or ""Jaime"".\nContext: Morgan called upon Jaime to reply.\n\nQ:  Who replied, Morgan or Jaime?\nA: ', 'Ja')"
426,gpt3,object-control,Morgan,Jaime,True,called upon,to wipe the counter,Jaime,other,"You will be given a context and a question. Answer the question with either ""Jaime"" or ""Morgan"".
Context: Morgan called upon Jaime to wipe the counter.

Q:  Who wiped the counter, Jaime or Morgan?
A: ","('You will be given a context and a question. Answer the question with either ""Jaime"" or ""Morgan"".\nContext: Morgan called upon Jaime to wipe the counter.\n\nQ:  Who wiped the counter, Jaime or Morgan?\nA: ', 'Ja')"
427,gpt3,object-control,Morgan,Jaime,False,called upon,to wipe the counter,Jaime,Morgan,"You will be given a context and a question. Answer the question with either ""Morgan"" or ""Jaime"".
Context: Morgan called upon Jaime to wipe the counter.

Q:  Who wiped the counter, Morgan or Jaime?
A: ","('You will be given a context and a question. Answer the question with either ""Morgan"" or ""Jaime"".\nContext: Morgan called upon Jaime to wipe the counter.\n\nQ:  Who wiped the counter, Morgan or Jaime?\nA: ', 'Morgan')"
428,gpt3,object-control,Morgan,Jaime,True,called upon,to dance,Jaime,other,"You will be given a context and a question. Answer the question with either ""Jaime"" or ""Morgan"".
Context: Morgan called upon Jaime to dance.

Q:  Who danced, Jaime or Morgan?
A: ","('You will be given a context and a question. Answer the question with either ""Jaime"" or ""Morgan"".\nContext: Morgan called upon Jaime to dance.\n\nQ:  Who danced, Jaime or Morgan?\nA: ', 'Ja')"
429,gpt3,object-control,Morgan,Jaime,False,called upon,to dance,Jaime,Morgan,"You will be given a context and a question. Answer the question with either ""Morgan"" or ""Jaime"".
Context: Morgan called upon Jaime to dance.

Q:  Who danced, Morgan or Jaime?
A: ","('You will be given a context and a question. Answer the question with either ""Morgan"" or ""Jaime"".\nContext: Morgan called upon Jaime to dance.\n\nQ:  Who danced, Morgan or Jaime?\nA: ', 'Morgan')"
430,gpt3,object-control,Morgan,Jaime,True,reminded,to leave,Jaime,other,"You will be given a context and a question. Answer the question with either ""Jaime"" or ""Morgan"".
Context: Morgan reminded Jaime to leave.

Q:  Who left, Jaime or Morgan?
A: ","('You will be given a context and a question. Answer the question with either ""Jaime"" or ""Morgan"".\nContext: Morgan reminded Jaime to leave.\n\nQ:  Who left, Jaime or Morgan?\nA: ', 'Ja')"
431,gpt3,object-control,Morgan,Jaime,False,reminded,to leave,Jaime,Morgan,"You will be given a context and a question. Answer the question with either ""Morgan"" or ""Jaime"".
Context: Morgan reminded Jaime to leave.

Q:  Who left, Morgan or Jaime?
A: ","('You will be given a context and a question. Answer the question with either ""Morgan"" or ""Jaime"".\nContext: Morgan reminded Jaime to leave.\n\nQ:  Who left, Morgan or Jaime?\nA: ', 'Morgan')"
432,gpt3,object-control,Morgan,Jaime,True,reminded,to call home,Jaime,other,"You will be given a context and a question. Answer the question with either ""Jaime"" or ""Morgan"".
Context: Morgan reminded Jaime to call home.

Q:  Who called home, Jaime or Morgan?
A: ","('You will be given a context and a question. Answer the question with either ""Jaime"" or ""Morgan"".\nContext: Morgan reminded Jaime to call home.\n\nQ:  Who called home, Jaime or Morgan?\nA: ', 'Ja')"
433,gpt3,object-control,Morgan,Jaime,False,reminded,to call home,Jaime,Morgan,"You will be given a context and a question. Answer the question with either ""Morgan"" or ""Jaime"".
Context: Morgan reminded Jaime to call home.

Q:  Who called home, Morgan or Jaime?
A: ","('You will be given a context and a question. Answer the question with either ""Morgan"" or ""Jaime"".\nContext: Morgan reminded Jaime to call home.\n\nQ:  Who called home, Morgan or Jaime?\nA: ', 'Morgan')"
434,gpt3,object-control,Morgan,Jaime,True,reminded,to reply,Jaime,other,"You will be given a context and a question. Answer the question with either ""Jaime"" or ""Morgan"".
Context: Morgan reminded Jaime to reply.

Q:  Who replied, Jaime or Morgan?
A: ","('You will be given a context and a question. Answer the question with either ""Jaime"" or ""Morgan"".\nContext: Morgan reminded Jaime to reply.\n\nQ:  Who replied, Jaime or Morgan?\nA: ', 'Ja')"
435,gpt3,object-control,Morgan,Jaime,False,reminded,to reply,Jaime,Morgan,"You will be given a context and a question. Answer the question with either ""Morgan"" or ""Jaime"".
Context: Morgan reminded Jaime to reply.

Q:  Who replied, Morgan or Jaime?
A: ","('You will be given a context and a question. Answer the question with either ""Morgan"" or ""Jaime"".\nContext: Morgan reminded Jaime to reply.\n\nQ:  Who replied, Morgan or Jaime?\nA: ', 'Morgan')"
436,gpt3,object-control,Morgan,Jaime,True,reminded,to wipe the counter,Jaime,other,"You will be given a context and a question. Answer the question with either ""Jaime"" or ""Morgan"".
Context: Morgan reminded Jaime to wipe the counter.

Q:  Who wiped the counter, Jaime or Morgan?
A: ","('You will be given a context and a question. Answer the question with either ""Jaime"" or ""Morgan"".\nContext: Morgan reminded Jaime to wipe the counter.\n\nQ:  Who wiped the counter, Jaime or Morgan?\nA: ', 'Ja')"
437,gpt3,object-control,Morgan,Jaime,False,reminded,to wipe the counter,Jaime,Morgan,"You will be given a context and a question. Answer the question with either ""Morgan"" or ""Jaime"".
Context: Morgan reminded Jaime to wipe the counter.

Q:  Who wiped the counter, Morgan or Jaime?
A: ","('You will be given a context and a question. Answer the question with either ""Morgan"" or ""Jaime"".\nContext: Morgan reminded Jaime to wipe the counter.\n\nQ:  Who wiped the counter, Morgan or Jaime?\nA: ', 'Morgan')"
438,gpt3,object-control,Morgan,Jaime,True,reminded,to dance,Jaime,other,"You will be given a context and a question. Answer the question with either ""Jaime"" or ""Morgan"".
Context: Morgan reminded Jaime to dance.

Q:  Who danced, Jaime or Morgan?
A: ","('You will be given a context and a question. Answer the question with either ""Jaime"" or ""Morgan"".\nContext: Morgan reminded Jaime to dance.\n\nQ:  Who danced, Jaime or Morgan?\nA: ', 'Ja')"
439,gpt3,object-control,Morgan,Jaime,False,reminded,to dance,Jaime,Morgan,"You will be given a context and a question. Answer the question with either ""Morgan"" or ""Jaime"".
Context: Morgan reminded Jaime to dance.

Q:  Who danced, Morgan or Jaime?
A: ","('You will be given a context and a question. Answer the question with either ""Morgan"" or ""Jaime"".\nContext: Morgan reminded Jaime to dance.\n\nQ:  Who danced, Morgan or Jaime?\nA: ', 'Morgan')"
440,gpt3,object-control,Morgan,Jaime,True,urged,to leave,Jaime,other,"You will be given a context and a question. Answer the question with either ""Jaime"" or ""Morgan"".
Context: Morgan urged Jaime to leave.

Q:  Who left, Jaime or Morgan?
A: ","('You will be given a context and a question. Answer the question with either ""Jaime"" or ""Morgan"".\nContext: Morgan urged Jaime to leave.\n\nQ:  Who left, Jaime or Morgan?\nA: ', 'Ja')"
441,gpt3,object-control,Morgan,Jaime,False,urged,to leave,Jaime,Morgan,"You will be given a context and a question. Answer the question with either ""Morgan"" or ""Jaime"".
Context: Morgan urged Jaime to leave.

Q:  Who left, Morgan or Jaime?
A: ","('You will be given a context and a question. Answer the question with either ""Morgan"" or ""Jaime"".\nContext: Morgan urged Jaime to leave.\n\nQ:  Who left, Morgan or Jaime?\nA: ', 'Morgan')"
442,gpt3,object-control,Morgan,Jaime,True,urged,to call home,Jaime,other,"You will be given a context and a question. Answer the question with either ""Jaime"" or ""Morgan"".
Context: Morgan urged Jaime to call home.

Q:  Who called home, Jaime or Morgan?
A: ","('You will be given a context and a question. Answer the question with either ""Jaime"" or ""Morgan"".\nContext: Morgan urged Jaime to call home.\n\nQ:  Who called home, Jaime or Morgan?\nA: ', 'Ja')"
443,gpt3,object-control,Morgan,Jaime,False,urged,to call home,Jaime,Morgan,"You will be given a context and a question. Answer the question with either ""Morgan"" or ""Jaime"".
Context: Morgan urged Jaime to call home.

Q:  Who called home, Morgan or Jaime?
A: ","('You will be given a context and a question. Answer the question with either ""Morgan"" or ""Jaime"".\nContext: Morgan urged Jaime to call home.\n\nQ:  Who called home, Morgan or Jaime?\nA: ', 'Morgan')"
444,gpt3,object-control,Morgan,Jaime,True,urged,to reply,Jaime,other,"You will be given a context and a question. Answer the question with either ""Jaime"" or ""Morgan"".
Context: Morgan urged Jaime to reply.

Q:  Who replied, Jaime or Morgan?
A: ","('You will be given a context and a question. Answer the question with either ""Jaime"" or ""Morgan"".\nContext: Morgan urged Jaime to reply.\n\nQ:  Who replied, Jaime or Morgan?\nA: ', 'Ja')"
445,gpt3,object-control,Morgan,Jaime,False,urged,to reply,Jaime,Morgan,"You will be given a context and a question. Answer the question with either ""Morgan"" or ""Jaime"".
Context: Morgan urged Jaime to reply.

Q:  Who replied, Morgan or Jaime?
A: ","('You will be given a context and a question. Answer the question with either ""Morgan"" or ""Jaime"".\nContext: Morgan urged Jaime to reply.\n\nQ:  Who replied, Morgan or Jaime?\nA: ', 'Morgan')"
446,gpt3,object-control,Morgan,Jaime,True,urged,to wipe the counter,Jaime,other,"You will be given a context and a question. Answer the question with either ""Jaime"" or ""Morgan"".
Context: Morgan urged Jaime to wipe the counter.

Q:  Who wiped the counter, Jaime or Morgan?
A: ","('You will be given a context and a question. Answer the question with either ""Jaime"" or ""Morgan"".\nContext: Morgan urged Jaime to wipe the counter.\n\nQ:  Who wiped the counter, Jaime or Morgan?\nA: ', 'Ja')"
447,gpt3,object-control,Morgan,Jaime,False,urged,to wipe the counter,Jaime,Morgan,"You will be given a context and a question. Answer the question with either ""Morgan"" or ""Jaime"".
Context: Morgan urged Jaime to wipe the counter.

Q:  Who wiped the counter, Morgan or Jaime?
A: ","('You will be given a context and a question. Answer the question with either ""Morgan"" or ""Jaime"".\nContext: Morgan urged Jaime to wipe the counter.\n\nQ:  Who wiped the counter, Morgan or Jaime?\nA: ', 'Morgan')"
448,gpt3,object-control,Morgan,Jaime,True,urged,to dance,Jaime,other,"You will be given a context and a question. Answer the question with either ""Jaime"" or ""Morgan"".
Context: Morgan urged Jaime to dance.

Q:  Who danced, Jaime or Morgan?
A: ","('You will be given a context and a question. Answer the question with either ""Jaime"" or ""Morgan"".\nContext: Morgan urged Jaime to dance.\n\nQ:  Who danced, Jaime or Morgan?\nA: ', 'Ja')"
449,gpt3,object-control,Morgan,Jaime,False,urged,to dance,Jaime,Morgan,"You will be given a context and a question. Answer the question with either ""Morgan"" or ""Jaime"".
Context: Morgan urged Jaime to dance.

Q:  Who danced, Morgan or Jaime?
A: ","('You will be given a context and a question. Answer the question with either ""Morgan"" or ""Jaime"".\nContext: Morgan urged Jaime to dance.\n\nQ:  Who danced, Morgan or Jaime?\nA: ', 'Morgan')"
450,gpt3,object-control,Morgan,Jaime,True,asked,to leave,Jaime,other,"You will be given a context and a question. Answer the question with either ""Jaime"" or ""Morgan"".
Context: Morgan asked Jaime to leave.

Q:  Who left, Jaime or Morgan?
A: ","('You will be given a context and a question. Answer the question with either ""Jaime"" or ""Morgan"".\nContext: Morgan asked Jaime to leave.\n\nQ:  Who left, Jaime or Morgan?\nA: ', 'Ja')"
451,gpt3,object-control,Morgan,Jaime,False,asked,to leave,Jaime,Morgan,"You will be given a context and a question. Answer the question with either ""Morgan"" or ""Jaime"".
Context: Morgan asked Jaime to leave.

Q:  Who left, Morgan or Jaime?
A: ","('You will be given a context and a question. Answer the question with either ""Morgan"" or ""Jaime"".\nContext: Morgan asked Jaime to leave.\n\nQ:  Who left, Morgan or Jaime?\nA: ', 'Morgan')"
452,gpt3,object-control,Morgan,Jaime,True,asked,to call home,Jaime,other,"You will be given a context and a question. Answer the question with either ""Jaime"" or ""Morgan"".
Context: Morgan asked Jaime to call home.

Q:  Who called home, Jaime or Morgan?
A: ","('You will be given a context and a question. Answer the question with either ""Jaime"" or ""Morgan"".\nContext: Morgan asked Jaime to call home.\n\nQ:  Who called home, Jaime or Morgan?\nA: ', 'Ja')"
453,gpt3,object-control,Morgan,Jaime,False,asked,to call home,Jaime,Morgan,"You will be given a context and a question. Answer the question with either ""Morgan"" or ""Jaime"".
Context: Morgan asked Jaime to call home.

Q:  Who called home, Morgan or Jaime?
A: ","('You will be given a context and a question. Answer the question with either ""Morgan"" or ""Jaime"".\nContext: Morgan asked Jaime to call home.\n\nQ:  Who called home, Morgan or Jaime?\nA: ', 'Morgan')"
454,gpt3,object-control,Morgan,Jaime,True,asked,to reply,Jaime,other,"You will be given a context and a question. Answer the question with either ""Jaime"" or ""Morgan"".
Context: Morgan asked Jaime to reply.

Q:  Who replied, Jaime or Morgan?
A: ","('You will be given a context and a question. Answer the question with either ""Jaime"" or ""Morgan"".\nContext: Morgan asked Jaime to reply.\n\nQ:  Who replied, Jaime or Morgan?\nA: ', 'Ja')"
455,gpt3,object-control,Morgan,Jaime,False,asked,to reply,Jaime,Morgan,"You will be given a context and a question. Answer the question with either ""Morgan"" or ""Jaime"".
Context: Morgan asked Jaime to reply.

Q:  Who replied, Morgan or Jaime?
A: ","('You will be given a context and a question. Answer the question with either ""Morgan"" or ""Jaime"".\nContext: Morgan asked Jaime to reply.\n\nQ:  Who replied, Morgan or Jaime?\nA: ', 'Morgan')"
456,gpt3,object-control,Morgan,Jaime,True,asked,to wipe the counter,Jaime,other,"You will be given a context and a question. Answer the question with either ""Jaime"" or ""Morgan"".
Context: Morgan asked Jaime to wipe the counter.

Q:  Who wiped the counter, Jaime or Morgan?
A: ","('You will be given a context and a question. Answer the question with either ""Jaime"" or ""Morgan"".\nContext: Morgan asked Jaime to wipe the counter.\n\nQ:  Who wiped the counter, Jaime or Morgan?\nA: ', 'Ja')"
457,gpt3,object-control,Morgan,Jaime,False,asked,to wipe the counter,Jaime,Morgan,"You will be given a context and a question. Answer the question with either ""Morgan"" or ""Jaime"".
Context: Morgan asked Jaime to wipe the counter.

Q:  Who wiped the counter, Morgan or Jaime?
A: ","('You will be given a context and a question. Answer the question with either ""Morgan"" or ""Jaime"".\nContext: Morgan asked Jaime to wipe the counter.\n\nQ:  Who wiped the counter, Morgan or Jaime?\nA: ', 'Morgan')"
458,gpt3,object-control,Morgan,Jaime,True,asked,to dance,Jaime,other,"You will be given a context and a question. Answer the question with either ""Jaime"" or ""Morgan"".
Context: Morgan asked Jaime to dance.

Q:  Who danced, Jaime or Morgan?
A: ","('You will be given a context and a question. Answer the question with either ""Jaime"" or ""Morgan"".\nContext: Morgan asked Jaime to dance.\n\nQ:  Who danced, Jaime or Morgan?\nA: ', 'Ja')"
459,gpt3,object-control,Morgan,Jaime,False,asked,to dance,Jaime,Morgan,"You will be given a context and a question. Answer the question with either ""Morgan"" or ""Jaime"".
Context: Morgan asked Jaime to dance.

Q:  Who danced, Morgan or Jaime?
A: ","('You will be given a context and a question. Answer the question with either ""Morgan"" or ""Jaime"".\nContext: Morgan asked Jaime to dance.\n\nQ:  Who danced, Morgan or Jaime?\nA: ', 'Morgan')"
460,gpt3,object-control,Morgan,Jaime,True,persuaded,to leave,Jaime,other,"You will be given a context and a question. Answer the question with either ""Jaime"" or ""Morgan"".
Context: Morgan persuaded Jaime to leave.

Q:  Who left, Jaime or Morgan?
A: ","('You will be given a context and a question. Answer the question with either ""Jaime"" or ""Morgan"".\nContext: Morgan persuaded Jaime to leave.\n\nQ:  Who left, Jaime or Morgan?\nA: ', 'Ja')"
461,gpt3,object-control,Morgan,Jaime,False,persuaded,to leave,Jaime,Morgan,"You will be given a context and a question. Answer the question with either ""Morgan"" or ""Jaime"".
Context: Morgan persuaded Jaime to leave.

Q:  Who left, Morgan or Jaime?
A: ","('You will be given a context and a question. Answer the question with either ""Morgan"" or ""Jaime"".\nContext: Morgan persuaded Jaime to leave.\n\nQ:  Who left, Morgan or Jaime?\nA: ', 'Morgan')"
462,gpt3,object-control,Morgan,Jaime,True,persuaded,to call home,Jaime,other,"You will be given a context and a question. Answer the question with either ""Jaime"" or ""Morgan"".
Context: Morgan persuaded Jaime to call home.

Q:  Who called home, Jaime or Morgan?
A: ","('You will be given a context and a question. Answer the question with either ""Jaime"" or ""Morgan"".\nContext: Morgan persuaded Jaime to call home.\n\nQ:  Who called home, Jaime or Morgan?\nA: ', 'Ja')"
463,gpt3,object-control,Morgan,Jaime,False,persuaded,to call home,Jaime,Morgan,"You will be given a context and a question. Answer the question with either ""Morgan"" or ""Jaime"".
Context: Morgan persuaded Jaime to call home.

Q:  Who called home, Morgan or Jaime?
A: ","('You will be given a context and a question. Answer the question with either ""Morgan"" or ""Jaime"".\nContext: Morgan persuaded Jaime to call home.\n\nQ:  Who called home, Morgan or Jaime?\nA: ', 'Morgan')"
464,gpt3,object-control,Morgan,Jaime,True,persuaded,to reply,Jaime,other,"You will be given a context and a question. Answer the question with either ""Jaime"" or ""Morgan"".
Context: Morgan persuaded Jaime to reply.

Q:  Who replied, Jaime or Morgan?
A: ","('You will be given a context and a question. Answer the question with either ""Jaime"" or ""Morgan"".\nContext: Morgan persuaded Jaime to reply.\n\nQ:  Who replied, Jaime or Morgan?\nA: ', 'Ja')"
465,gpt3,object-control,Morgan,Jaime,False,persuaded,to reply,Jaime,Morgan,"You will be given a context and a question. Answer the question with either ""Morgan"" or ""Jaime"".
Context: Morgan persuaded Jaime to reply.

Q:  Who replied, Morgan or Jaime?
A: ","('You will be given a context and a question. Answer the question with either ""Morgan"" or ""Jaime"".\nContext: Morgan persuaded Jaime to reply.\n\nQ:  Who replied, Morgan or Jaime?\nA: ', 'Morgan')"
466,gpt3,object-control,Morgan,Jaime,True,persuaded,to wipe the counter,Jaime,other,"You will be given a context and a question. Answer the question with either ""Jaime"" or ""Morgan"".
Context: Morgan persuaded Jaime to wipe the counter.

Q:  Who wiped the counter, Jaime or Morgan?
A: ","('You will be given a context and a question. Answer the question with either ""Jaime"" or ""Morgan"".\nContext: Morgan persuaded Jaime to wipe the counter.\n\nQ:  Who wiped the counter, Jaime or Morgan?\nA: ', 'Ja')"
467,gpt3,object-control,Morgan,Jaime,False,persuaded,to wipe the counter,Jaime,Morgan,"You will be given a context and a question. Answer the question with either ""Morgan"" or ""Jaime"".
Context: Morgan persuaded Jaime to wipe the counter.

Q:  Who wiped the counter, Morgan or Jaime?
A: ","('You will be given a context and a question. Answer the question with either ""Morgan"" or ""Jaime"".\nContext: Morgan persuaded Jaime to wipe the counter.\n\nQ:  Who wiped the counter, Morgan or Jaime?\nA: ', 'Morgan')"
468,gpt3,object-control,Morgan,Jaime,True,persuaded,to dance,Jaime,other,"You will be given a context and a question. Answer the question with either ""Jaime"" or ""Morgan"".
Context: Morgan persuaded Jaime to dance.

Q:  Who danced, Jaime or Morgan?
A: ","('You will be given a context and a question. Answer the question with either ""Jaime"" or ""Morgan"".\nContext: Morgan persuaded Jaime to dance.\n\nQ:  Who danced, Jaime or Morgan?\nA: ', 'Ja')"
469,gpt3,object-control,Morgan,Jaime,False,persuaded,to dance,Jaime,Morgan,"You will be given a context and a question. Answer the question with either ""Morgan"" or ""Jaime"".
Context: Morgan persuaded Jaime to dance.

Q:  Who danced, Morgan or Jaime?
A: ","('You will be given a context and a question. Answer the question with either ""Morgan"" or ""Jaime"".\nContext: Morgan persuaded Jaime to dance.\n\nQ:  Who danced, Morgan or Jaime?\nA: ', 'Morgan')"
470,gpt3,object-control,Morgan,Jaime,True,convinced,to leave,Jaime,other,"You will be given a context and a question. Answer the question with either ""Jaime"" or ""Morgan"".
Context: Morgan convinced Jaime to leave.

Q:  Who left, Jaime or Morgan?
A: ","('You will be given a context and a question. Answer the question with either ""Jaime"" or ""Morgan"".\nContext: Morgan convinced Jaime to leave.\n\nQ:  Who left, Jaime or Morgan?\nA: ', 'Ja')"
471,gpt3,object-control,Morgan,Jaime,False,convinced,to leave,Jaime,Morgan,"You will be given a context and a question. Answer the question with either ""Morgan"" or ""Jaime"".
Context: Morgan convinced Jaime to leave.

Q:  Who left, Morgan or Jaime?
A: ","('You will be given a context and a question. Answer the question with either ""Morgan"" or ""Jaime"".\nContext: Morgan convinced Jaime to leave.\n\nQ:  Who left, Morgan or Jaime?\nA: ', 'Morgan')"
472,gpt3,object-control,Morgan,Jaime,True,convinced,to call home,Jaime,other,"You will be given a context and a question. Answer the question with either ""Jaime"" or ""Morgan"".
Context: Morgan convinced Jaime to call home.

Q:  Who called home, Jaime or Morgan?
A: ","('You will be given a context and a question. Answer the question with either ""Jaime"" or ""Morgan"".\nContext: Morgan convinced Jaime to call home.\n\nQ:  Who called home, Jaime or Morgan?\nA: ', 'Ja')"
473,gpt3,object-control,Morgan,Jaime,False,convinced,to call home,Jaime,Morgan,"You will be given a context and a question. Answer the question with either ""Morgan"" or ""Jaime"".
Context: Morgan convinced Jaime to call home.

Q:  Who called home, Morgan or Jaime?
A: ","('You will be given a context and a question. Answer the question with either ""Morgan"" or ""Jaime"".\nContext: Morgan convinced Jaime to call home.\n\nQ:  Who called home, Morgan or Jaime?\nA: ', 'Morgan')"
474,gpt3,object-control,Morgan,Jaime,True,convinced,to reply,Jaime,other,"You will be given a context and a question. Answer the question with either ""Jaime"" or ""Morgan"".
Context: Morgan convinced Jaime to reply.

Q:  Who replied, Jaime or Morgan?
A: ","('You will be given a context and a question. Answer the question with either ""Jaime"" or ""Morgan"".\nContext: Morgan convinced Jaime to reply.\n\nQ:  Who replied, Jaime or Morgan?\nA: ', 'Ja')"
475,gpt3,object-control,Morgan,Jaime,False,convinced,to reply,Jaime,Morgan,"You will be given a context and a question. Answer the question with either ""Morgan"" or ""Jaime"".
Context: Morgan convinced Jaime to reply.

Q:  Who replied, Morgan or Jaime?
A: ","('You will be given a context and a question. Answer the question with either ""Morgan"" or ""Jaime"".\nContext: Morgan convinced Jaime to reply.\n\nQ:  Who replied, Morgan or Jaime?\nA: ', 'Morgan')"
476,gpt3,object-control,Morgan,Jaime,True,convinced,to wipe the counter,Jaime,other,"You will be given a context and a question. Answer the question with either ""Jaime"" or ""Morgan"".
Context: Morgan convinced Jaime to wipe the counter.

Q:  Who wiped the counter, Jaime or Morgan?
A: ","('You will be given a context and a question. Answer the question with either ""Jaime"" or ""Morgan"".\nContext: Morgan convinced Jaime to wipe the counter.\n\nQ:  Who wiped the counter, Jaime or Morgan?\nA: ', 'Ja')"
477,gpt3,object-control,Morgan,Jaime,False,convinced,to wipe the counter,Jaime,Morgan,"You will be given a context and a question. Answer the question with either ""Morgan"" or ""Jaime"".
Context: Morgan convinced Jaime to wipe the counter.

Q:  Who wiped the counter, Morgan or Jaime?
A: ","('You will be given a context and a question. Answer the question with either ""Morgan"" or ""Jaime"".\nContext: Morgan convinced Jaime to wipe the counter.\n\nQ:  Who wiped the counter, Morgan or Jaime?\nA: ', 'Morgan')"
478,gpt3,object-control,Morgan,Jaime,True,convinced,to dance,Jaime,other,"You will be given a context and a question. Answer the question with either ""Jaime"" or ""Morgan"".
Context: Morgan convinced Jaime to dance.

Q:  Who danced, Jaime or Morgan?
A: ","('You will be given a context and a question. Answer the question with either ""Jaime"" or ""Morgan"".\nContext: Morgan convinced Jaime to dance.\n\nQ:  Who danced, Jaime or Morgan?\nA: ', 'Ja')"
479,gpt3,object-control,Morgan,Jaime,False,convinced,to dance,Jaime,Morgan,"You will be given a context and a question. Answer the question with either ""Morgan"" or ""Jaime"".
Context: Morgan convinced Jaime to dance.

Q:  Who danced, Morgan or Jaime?
A: ","('You will be given a context and a question. Answer the question with either ""Morgan"" or ""Jaime"".\nContext: Morgan convinced Jaime to dance.\n\nQ:  Who danced, Morgan or Jaime?\nA: ', 'Morgan')"
480,gpt3,object-control,Morgan,Jaime,True,forced,to leave,Jaime,other,"You will be given a context and a question. Answer the question with either ""Jaime"" or ""Morgan"".
Context: Morgan forced Jaime to leave.

Q:  Who left, Jaime or Morgan?
A: ","('You will be given a context and a question. Answer the question with either ""Jaime"" or ""Morgan"".\nContext: Morgan forced Jaime to leave.\n\nQ:  Who left, Jaime or Morgan?\nA: ', 'Ja')"
481,gpt3,object-control,Morgan,Jaime,False,forced,to leave,Jaime,other,"You will be given a context and a question. Answer the question with either ""Morgan"" or ""Jaime"".
Context: Morgan forced Jaime to leave.

Q:  Who left, Morgan or Jaime?
A: ","('You will be given a context and a question. Answer the question with either ""Morgan"" or ""Jaime"".\nContext: Morgan forced Jaime to leave.\n\nQ:  Who left, Morgan or Jaime?\nA: ', 'Ja')"
482,gpt3,object-control,Morgan,Jaime,True,forced,to call home,Jaime,other,"You will be given a context and a question. Answer the question with either ""Jaime"" or ""Morgan"".
Context: Morgan forced Jaime to call home.

Q:  Who called home, Jaime or Morgan?
A: ","('You will be given a context and a question. Answer the question with either ""Jaime"" or ""Morgan"".\nContext: Morgan forced Jaime to call home.\n\nQ:  Who called home, Jaime or Morgan?\nA: ', 'Ja')"
483,gpt3,object-control,Morgan,Jaime,False,forced,to call home,Jaime,other,"You will be given a context and a question. Answer the question with either ""Morgan"" or ""Jaime"".
Context: Morgan forced Jaime to call home.

Q:  Who called home, Morgan or Jaime?
A: ","('You will be given a context and a question. Answer the question with either ""Morgan"" or ""Jaime"".\nContext: Morgan forced Jaime to call home.\n\nQ:  Who called home, Morgan or Jaime?\nA: ', 'Ja')"
484,gpt3,object-control,Morgan,Jaime,True,forced,to reply,Jaime,other,"You will be given a context and a question. Answer the question with either ""Jaime"" or ""Morgan"".
Context: Morgan forced Jaime to reply.

Q:  Who replied, Jaime or Morgan?
A: ","('You will be given a context and a question. Answer the question with either ""Jaime"" or ""Morgan"".\nContext: Morgan forced Jaime to reply.\n\nQ:  Who replied, Jaime or Morgan?\nA: ', 'Ja')"
485,gpt3,object-control,Morgan,Jaime,False,forced,to reply,Jaime,Morgan,"You will be given a context and a question. Answer the question with either ""Morgan"" or ""Jaime"".
Context: Morgan forced Jaime to reply.

Q:  Who replied, Morgan or Jaime?
A: ","('You will be given a context and a question. Answer the question with either ""Morgan"" or ""Jaime"".\nContext: Morgan forced Jaime to reply.\n\nQ:  Who replied, Morgan or Jaime?\nA: ', 'Morgan')"
486,gpt3,object-control,Morgan,Jaime,True,forced,to wipe the counter,Jaime,other,"You will be given a context and a question. Answer the question with either ""Jaime"" or ""Morgan"".
Context: Morgan forced Jaime to wipe the counter.

Q:  Who wiped the counter, Jaime or Morgan?
A: ","('You will be given a context and a question. Answer the question with either ""Jaime"" or ""Morgan"".\nContext: Morgan forced Jaime to wipe the counter.\n\nQ:  Who wiped the counter, Jaime or Morgan?\nA: ', 'Ja')"
487,gpt3,object-control,Morgan,Jaime,False,forced,to wipe the counter,Jaime,Morgan,"You will be given a context and a question. Answer the question with either ""Morgan"" or ""Jaime"".
Context: Morgan forced Jaime to wipe the counter.

Q:  Who wiped the counter, Morgan or Jaime?
A: ","('You will be given a context and a question. Answer the question with either ""Morgan"" or ""Jaime"".\nContext: Morgan forced Jaime to wipe the counter.\n\nQ:  Who wiped the counter, Morgan or Jaime?\nA: ', 'Morgan')"
488,gpt3,object-control,Morgan,Jaime,True,forced,to dance,Jaime,other,"You will be given a context and a question. Answer the question with either ""Jaime"" or ""Morgan"".
Context: Morgan forced Jaime to dance.

Q:  Who danced, Jaime or Morgan?
A: ","('You will be given a context and a question. Answer the question with either ""Jaime"" or ""Morgan"".\nContext: Morgan forced Jaime to dance.\n\nQ:  Who danced, Jaime or Morgan?\nA: ', 'Ja')"
489,gpt3,object-control,Morgan,Jaime,False,forced,to dance,Jaime,Morgan,"You will be given a context and a question. Answer the question with either ""Morgan"" or ""Jaime"".
Context: Morgan forced Jaime to dance.

Q:  Who danced, Morgan or Jaime?
A: ","('You will be given a context and a question. Answer the question with either ""Morgan"" or ""Jaime"".\nContext: Morgan forced Jaime to dance.\n\nQ:  Who danced, Morgan or Jaime?\nA: ', 'Morgan')"
490,gpt3,object-control,Morgan,Jaime,True,pushed,to leave,Jaime,other,"You will be given a context and a question. Answer the question with either ""Jaime"" or ""Morgan"".
Context: Morgan pushed Jaime to leave.

Q:  Who left, Jaime or Morgan?
A: ","('You will be given a context and a question. Answer the question with either ""Jaime"" or ""Morgan"".\nContext: Morgan pushed Jaime to leave.\n\nQ:  Who left, Jaime or Morgan?\nA: ', 'Ja')"
491,gpt3,object-control,Morgan,Jaime,False,pushed,to leave,Jaime,Morgan,"You will be given a context and a question. Answer the question with either ""Morgan"" or ""Jaime"".
Context: Morgan pushed Jaime to leave.

Q:  Who left, Morgan or Jaime?
A: ","('You will be given a context and a question. Answer the question with either ""Morgan"" or ""Jaime"".\nContext: Morgan pushed Jaime to leave.\n\nQ:  Who left, Morgan or Jaime?\nA: ', 'Morgan')"
492,gpt3,object-control,Morgan,Jaime,True,pushed,to call home,Jaime,other,"You will be given a context and a question. Answer the question with either ""Jaime"" or ""Morgan"".
Context: Morgan pushed Jaime to call home.

Q:  Who called home, Jaime or Morgan?
A: ","('You will be given a context and a question. Answer the question with either ""Jaime"" or ""Morgan"".\nContext: Morgan pushed Jaime to call home.\n\nQ:  Who called home, Jaime or Morgan?\nA: ', 'Ja')"
493,gpt3,object-control,Morgan,Jaime,False,pushed,to call home,Jaime,Morgan,"You will be given a context and a question. Answer the question with either ""Morgan"" or ""Jaime"".
Context: Morgan pushed Jaime to call home.

Q:  Who called home, Morgan or Jaime?
A: ","('You will be given a context and a question. Answer the question with either ""Morgan"" or ""Jaime"".\nContext: Morgan pushed Jaime to call home.\n\nQ:  Who called home, Morgan or Jaime?\nA: ', 'Morgan')"
494,gpt3,object-control,Morgan,Jaime,True,pushed,to reply,Jaime,other,"You will be given a context and a question. Answer the question with either ""Jaime"" or ""Morgan"".
Context: Morgan pushed Jaime to reply.

Q:  Who replied, Jaime or Morgan?
A: ","('You will be given a context and a question. Answer the question with either ""Jaime"" or ""Morgan"".\nContext: Morgan pushed Jaime to reply.\n\nQ:  Who replied, Jaime or Morgan?\nA: ', 'Ja')"
495,gpt3,object-control,Morgan,Jaime,False,pushed,to reply,Jaime,Morgan,"You will be given a context and a question. Answer the question with either ""Morgan"" or ""Jaime"".
Context: Morgan pushed Jaime to reply.

Q:  Who replied, Morgan or Jaime?
A: ","('You will be given a context and a question. Answer the question with either ""Morgan"" or ""Jaime"".\nContext: Morgan pushed Jaime to reply.\n\nQ:  Who replied, Morgan or Jaime?\nA: ', 'Morgan')"
496,gpt3,object-control,Morgan,Jaime,True,pushed,to wipe the counter,Jaime,other,"You will be given a context and a question. Answer the question with either ""Jaime"" or ""Morgan"".
Context: Morgan pushed Jaime to wipe the counter.

Q:  Who wiped the counter, Jaime or Morgan?
A: ","('You will be given a context and a question. Answer the question with either ""Jaime"" or ""Morgan"".\nContext: Morgan pushed Jaime to wipe the counter.\n\nQ:  Who wiped the counter, Jaime or Morgan?\nA: ', 'Ja')"
497,gpt3,object-control,Morgan,Jaime,False,pushed,to wipe the counter,Jaime,Morgan,"You will be given a context and a question. Answer the question with either ""Morgan"" or ""Jaime"".
Context: Morgan pushed Jaime to wipe the counter.

Q:  Who wiped the counter, Morgan or Jaime?
A: ","('You will be given a context and a question. Answer the question with either ""Morgan"" or ""Jaime"".\nContext: Morgan pushed Jaime to wipe the counter.\n\nQ:  Who wiped the counter, Morgan or Jaime?\nA: ', 'Morgan')"
498,gpt3,object-control,Morgan,Jaime,True,pushed,to dance,Jaime,other,"You will be given a context and a question. Answer the question with either ""Jaime"" or ""Morgan"".
Context: Morgan pushed Jaime to dance.

Q:  Who danced, Jaime or Morgan?
A: ","('You will be given a context and a question. Answer the question with either ""Jaime"" or ""Morgan"".\nContext: Morgan pushed Jaime to dance.\n\nQ:  Who danced, Jaime or Morgan?\nA: ', 'Ja')"
499,gpt3,object-control,Morgan,Jaime,False,pushed,to dance,Jaime,Morgan,"You will be given a context and a question. Answer the question with either ""Morgan"" or ""Jaime"".
Context: Morgan pushed Jaime to dance.

Q:  Who danced, Morgan or Jaime?
A: ","('You will be given a context and a question. Answer the question with either ""Morgan"" or ""Jaime"".\nContext: Morgan pushed Jaime to dance.\n\nQ:  Who danced, Morgan or Jaime?\nA: ', 'Morgan')"
